,rk,name,year,age,drafted,team,league,height,weight,bmi,games,starts,sacks,tkls,ast_tkls,ints,int_return_yds,int_return_tds,passes_defended,times_fumbled,fumb_rec,yds_fumb_rec,td_fumb_rec,forced_fumbles,yrs,pro_bowl,all_pro,av
0,1,Will Witherspoon,2009,29,3-73,2TM,NFL,6-1,234,30.9,17,16,1.0,81,11,1,9,1,5,0,0,0,0,1,1,0,0,7
1,2,Rahim Abdullah,1999,23,2-45,CLE,NFL,6-5,233,27.6,16,13,0.0,55,11,1,0,0,0,0,0,0,0,0,1,0,0,5
2,3,Keith Adams,2002,23,7-232,2TM,NFL,5-11,223,31.1,16,5,0.0,22,5,0,0,0,0,0,0,0,0,0,1,0,0,4
3,4,Brian Allen,2002,24,3-83,CAR,NFL,6-0,232,31.5,16,5,0.0,31,6,0,0,0,0,0,0,0,0,0,1,0,0,4
4,5,Kiko Alonso,2013,23,2-46,BUF,NFL,6-3,238,29.7,16,16,2.0,87,72,4,38,0,5,0,2,13,0,1,1,0,0,9
5,6,Pat Angerer,2010,23,2-63,IND,NFL,6-0,232,31.5,16,11,1.0,50,30,0,0,0,2,0,0,0,0,1,1,0,0,5
6,7,Pat Angerer,2011,24,2-63,IND,NFL,6-0,232,31.5,16,16,1.0,76,70,1,0,0,3,0,1,10,0,2,1,0,0,7
7,8,Stephone Anthony,2015,23,1-31,NOR,NFL,6-2,245,31.5,16,16,1.0,70,42,1,5,0,5,0,1,31,1,2,1,0,0,6
8,9,Thurston Armbrister,2015,23,,JAX,NFL,6-3,235,29.4,16,3,0.0,11,7,0,0,0,1,0,0,0,0,0,1,0,0,2
9,10,Jessie Armstead,2002,32,8-207,WAS,NFL,6-1,237,31.3,16,16,3.0,79,20,0,0,0,0,0,3,1,0,0,1,0,0,8
10,11,Akeem Ayers,2012,23,2-39,TEN,NFL,6-3,255,31.9,16,13,6.0,66,38,1,2,0,8,0,0,0,0,1,1,0,0,5
11,12,Akin Ayodele,2008,29,3-89,MIA,NFL,6-2,251,32.2,16,13,0.0,58,17,2,29,0,4,0,1,0,0,0,1,0,0,7
12,13,Boss Bailey,2006,27,2-34,DET,NFL,6-3,233,29.1,16,12,1.0,51,16,0,0,0,2,0,0,0,0,0,1,0,0,5
13,14,Mike Barber,1999,28,,IND,NFL,6-0,246,33.4,16,16,0.0,59,28,0,0,0,0,0,1,0,0,1,1,0,0,8
14,15,Nick Barnett,2007,26,1-29,GNB,NFL,6-2,240,30.8,16,16,3.5,102,29,2,40,0,4,0,1,0,0,0,1,0,0,13
15,16,Nick Barnett,2011,30,1-29,BUF,NFL,6-2,240,30.8,16,16,3.0,78,52,3,80,1,5,0,0,0,0,1,1,0,0,8
16,17,Nick Barnett,2009,28,1-29,GNB,NFL,6-2,240,30.8,16,16,4.0,82,23,0,0,0,7,0,0,0,0,0,1,0,0,9
17,18,Nick Barnett,2005,24,1-29,GNB,NFL,6-2,240,30.8,16,16,1.0,91,47,1,95,1,2,0,3,17,0,1,1,0,0,9
18,19,Nick Barnett,2004,23,1-29,GNB,NFL,6-2,240,30.8,16,16,3.0,92,31,1,16,0,6,0,1,7,0,0,1,0,0,7
19,20,Lamin Barrow,2014,24,5-156,DEN,NFL,6-1,237,31.3,16,1,0.0,6,3,0,0,0,0,0,0,0,0,0,1,0,0,1
20,21,Micheal Barrow,2003,33,2-47,NYG,NFL,6-2,245,31.5,16,16,2.0,109,39,0,0,0,4,0,0,0,0,3,1,0,0,7
21,22,Micheal Barrow,2001,31,2-47,NYG,NFL,6-2,245,31.5,16,16,6.0,88,45,0,0,0,6,0,2,13,0,4,1,0,0,8
22,23,William Bartee,2001,24,2-54,KAN,NFL,6-1,200,26.4,16,5,1.0,36,2,0,0,0,6,0,0,0,0,0,1,0,0,3
23,24,Eric Barton,2007,30,5-146,NYJ,NFL,6-2,245,31.5,16,15,2.0,47,26,1,1,0,2,0,0,0,0,0,1,0,0,6
24,25,Eric Barton,2002,25,5-146,OAK,NFL,6-2,245,31.5,16,16,6.0,95,30,2,5,0,4,0,0,0,0,3,1,0,0,9
25,26,Jon Beason,2010,25,1-25,CAR,NFL,6-0,237,32.1,16,16,1.0,90,31,1,7,0,8,0,0,0,0,2,1,1,0,10
26,27,Jon Beason,2009,24,1-25,CAR,NFL,6-0,237,32.1,16,16,3.0,111,30,3,46,0,7,0,2,0,0,1,1,1,0,15
27,28,Jon Beason,2008,23,1-25,CAR,NFL,6-0,237,32.1,16,16,0.0,110,28,3,52,0,8,0,1,12,0,0,1,1,1,15
28,29,Jon Beason,2007,22,1-25,CAR,NFL,6-0,237,32.1,16,16,0.0,106,34,1,0,0,6,0,1,2,0,0,1,0,0,9
29,30,Monty Beisel,2008,30,4-107,ARI,NFL,6-3,254,31.7,16,0,0.0,15,5,0,0,0,0,0,0,0,0,0,1,0,0,1
30,31,Monty Beisel,2007,29,4-107,ARI,NFL,6-3,254,31.7,16,2,0.0,32,10,0,0,0,0,0,0,0,0,0,1,0,0,2
31,32,Jovan Belcher,2011,24,,KAN,NFL,6-2,228,29.3,16,16,0.0,61,26,0,0,0,1,0,0,0,0,0,1,0,0,7
32,33,Jovan Belcher,2010,23,,KAN,NFL,6-2,228,29.3,16,15,1.0,53,31,0,0,0,2,0,0,0,0,1,1,0,0,8
33,34,Jovan Belcher,2009,22,,KAN,NFL,6-2,228,29.3,16,3,0.0,46,2,0,0,0,1,0,0,0,0,0,1,0,0,3
34,35,Kendrell Bell,2001,23,2-39,PIT,NFL,6-1,254,33.5,16,16,9.0,70,13,0,0,0,1,0,0,0,0,1,1,1,0,16
35,36,Kendrell Bell,2003,25,2-39,PIT,NFL,6-1,254,33.5,16,16,5.0,80,19,1,61,0,3,0,1,0,0,1,1,0,0,9
36,37,Greg Biekert,2001,32,7-181,OAK,NFL,6-2,253,32.5,16,16,3.0,81,27,0,0,0,3,0,1,0,0,0,1,0,0,8
37,38,Greg Biekert,2000,31,7-181,OAK,NFL,6-2,253,32.5,16,16,2.0,100,34,0,0,0,0,0,2,0,0,0,1,0,0,9
38,39,Greg Biekert,2003,34,7-181,MIN,NFL,6-2,253,32.5,16,16,1.0,60,16,0,0,0,0,0,0,0,0,1,1,0,0,6
39,40,Greg Biekert,1999,30,7-181,OAK,NFL,6-2,253,32.5,16,16,2.0,104,32,2,57,0,0,0,0,0,0,1,1,0,0,9
40,41,Greg Biekert,2002,33,7-181,MIN,NFL,6-2,253,32.5,16,16,0.0,70,31,4,26,0,0,0,1,0,0,0,1,0,0,6
41,42,Chase Blackburn,2009,26,,NYG,NFL,6-3,247,30.9,16,7,0.5,36,24,1,24,0,1,0,0,0,0,0,1,0,0,3
42,43,Chase Blackburn,2008,25,,NYG,NFL,6-3,247,30.9,16,8,1.0,40,21,0,0,0,0,0,1,12,0,1,1,0,0,5
43,44,Darryl Blackstock,2011,28,3-95,OAK,NFL,6-3,241,30.1,16,1,0.0,15,5,0,0,0,0,0,0,0,0,0,1,0,0,1
44,45,Michael Boley,2005,23,5-160,ATL,NFL,6-3,236,29.5,16,11,0.0,42,21,0,0,0,5,0,0,0,0,1,1,0,0,5
45,46,Jonathan Bostic,2013,22,2-50,CHI,NFL,6-1,246,32.5,16,9,2.0,45,12,1,0,0,1,0,1,0,0,0,1,0,0,4
46,47,NaVorro Bowman,2010,22,3-91,SFO,NFL,6-1,230,30.3,16,1,0.0,38,8,0,0,0,0,0,0,0,0,0,1,0,0,2
47,48,Brant Boyer,2001,30,6-177,CLE,NFL,6-1,240,31.7,16,2,0.0,60,19,2,12,0,4,0,0,0,0,0,1,0,0,4
48,49,Brant Boyer,2002,31,6-177,CLE,NFL,6-1,240,31.7,16,1,3.0,50,11,1,1,0,0,0,0,0,0,0,1,0,0,3
49,50,Gary Brackett,2005,25,,IND,NFL,5-11,235,32.8,16,16,1.0,92,35,3,50,0,6,0,0,0,0,0,1,0,0,8
50,51,Gary Brackett,2007,27,,IND,NFL,5-11,235,32.8,16,16,0.5,86,30,4,128,0,7,0,1,0,1,1,1,0,0,10
51,52,Stewart Bradley,2008,25,3-87,PHI,NFL,6-4,254,30.9,16,16,1.0,86,22,1,17,0,6,0,1,0,0,1,1,0,0,10
52,53,Jasper Brinkley,2009,24,5-150,MIN,NFL,6-2,275,35.3,16,4,0.0,22,1,0,0,0,0,0,0,0,0,1,1,0,0,3
53,54,Jasper Brinkley,2012,27,5-150,MIN,NFL,6-2,275,35.3,16,15,0.0,62,35,0,0,0,2,0,0,0,0,3,1,0,0,6
54,55,Jasper Brinkley,2014,29,5-150,MIN,NFL,6-2,275,35.3,16,11,1.0,54,21,0,0,0,0,0,0,0,0,1,1,0,0,6
55,56,Keith Brooking,2011,36,1-12,DAL,NFL,6-2,245,31.5,16,3,0.0,34,16,0,0,0,2,0,0,0,0,0,1,0,0,3
56,57,Keith Brooking,2005,30,1-12,ATL,NFL,6-2,245,31.5,16,16,3.5,88,27,4,50,0,10,0,1,0,0,0,1,1,0,10
57,58,Keith Brooking,2006,31,1-12,ATL,NFL,6-2,245,31.5,16,16,2.5,95,41,0,0,0,1,0,1,0,0,0,1,0,0,8
58,59,Keith Brooking,2012,37,1-12,DEN,NFL,6-2,245,31.5,16,14,1.0,33,21,0,0,0,0,0,0,0,0,1,1,0,0,7
59,60,Keith Brooking,2007,32,1-12,ATL,NFL,6-2,245,31.5,16,16,2.0,84,26,0,0,0,4,0,1,2,0,0,1,0,0,7
60,61,Cornell Brown,2002,27,6-194,BAL,NFL,6-0,240,32.5,16,14,1.5,39,23,0,0,0,0,0,0,0,0,0,1,0,0,6
61,62,Preston Brown,2015,23,3-73,BUF,NFL,6-1,251,33.1,16,16,0.0,63,54,2,46,1,4,0,1,0,0,1,1,0,0,9
62,63,Tedy Bruschi,2004,31,3-86,NWE,NFL,6-1,247,32.6,16,16,3.5,76,46,3,70,0,6,0,0,0,0,2,1,1,0,12
63,64,Tedy Bruschi,2007,34,3-86,NWE,NFL,6-1,247,32.6,16,16,2.0,64,28,0,0,0,2,0,0,0,0,0,1,0,0,7
64,65,Tedy Bruschi,2003,30,3-86,NWE,NFL,6-1,247,32.6,16,16,2.0,79,52,3,26,2,14,0,1,13,0,3,1,0,0,15
65,66,Tedy Bruschi,2000,27,3-86,NWE,NFL,6-1,247,32.6,16,16,1.0,73,33,0,0,0,0,0,0,0,0,1,1,0,0,7
66,67,Keith Burns,2002,30,7-210,DEN,NFL,6-2,235,30.2,16,1,0.0,8,3,0,0,0,0,0,0,0,0,1,1,0,0,1
67,68,Miles Burris,2014,26,4-129,OAK,NFL,6-2,241,30.9,16,16,0.0,77,33,0,0,0,1,0,0,0,0,0,1,0,0,7
68,69,Glenn Cadrez,1999,29,6-154,DEN,NFL,6-3,240,30.0,16,15,7.0,60,22,0,0,0,0,0,4,74,1,3,1,0,0,10
69,70,Glenn Cadrez,2000,30,6-154,DEN,NFL,6-3,240,30.0,16,3,0.0,7,0,0,0,0,0,0,0,0,0,0,1,0,0,2
70,71,Jamar Chaney,2011,25,7-220,PHI,NFL,6-1,242,31.9,16,16,1.0,67,24,3,25,0,8,0,0,0,0,0,1,0,0,8
71,72,Brandon Chillar,2004,22,4-130,STL,NFL,6-3,253,31.6,16,5,0.0,21,6,0,0,0,0,0,0,0,0,0,1,0,0,2
72,73,Vinny Ciurciu,2004,24,,CAR,NFL,6-0,235,31.9,16,4,0.0,28,9,0,0,0,0,0,0,0,0,0,1,0,0,2
73,74,Chris Claiborne,2002,24,1-9,DET,NFL,6-3,259,32.4,16,15,4.5,72,28,3,63,1,0,0,1,0,0,0,1,0,0,7
74,75,Chris Claiborne,2001,23,1-9,DET,NFL,6-3,259,32.4,16,16,4.0,77,42,2,11,0,6,0,1,0,0,1,1,0,0,6
75,76,Danny Clark,2005,28,7-245,OAK,NFL,6-2,248,31.8,16,15,1.0,82,31,0,0,0,7,0,0,0,0,0,1,0,0,6
76,77,Charlie Clemons,2001,29,,NOR,NFL,6-2,250,32.1,16,15,13.5,75,18,1,3,0,6,0,1,0,0,2,1,0,0,6
77,78,Charlie Clemons,2002,30,,NOR,NFL,6-2,250,32.1,16,15,0.5,58,24,0,0,0,0,0,3,0,0,0,1,0,0,7
78,79,Doug Colman,1999,26,6-171,TEN,NFL,6-2,250,32.1,16,1,0.0,10,4,0,0,0,0,0,0,0,0,0,1,0,0,0
79,80,William Compton,2014,25,,WAS,NFL,6-2,230,29.5,16,5,0.0,37,19,0,0,0,0,0,0,0,0,0,1,0,0,3
80,81,William Compton,2015,26,,WAS,NFL,6-2,230,29.5,16,9,1.0,51,40,1,24,0,3,0,1,0,0,0,1,0,0,6
81,82,Stephen Cooper,2006,27,,SDG,NFL,6-1,235,31.0,16,4,2.5,30,23,0,0,0,2,0,0,0,0,1,1,0,0,3
82,83,Stephen Cooper,2009,30,,SDG,NFL,6-1,235,31.0,16,16,0.0,71,31,0,0,0,8,0,2,0,0,2,1,0,0,8
83,84,Sam Cowart,1999,24,2-39,BUF,NFL,6-2,245,31.5,16,16,1.0,79,46,0,0,0,0,0,1,0,0,1,1,0,0,12
84,85,Chris Crocker,2006,26,3-84,ATL,NFL,5-11,194,27.1,16,16,1.0,44,6,1,28,0,8,0,0,0,0,0,1,0,0,7
85,86,Channing Crowder,2005,22,3-70,MIA,NFL,6-2,247,31.7,16,13,0.0,53,31,0,0,0,4,0,2,0,0,1,1,0,0,7
86,87,Brian Cushing,2011,24,1-15,HOU,NFL,6-3,243,30.4,16,16,4.0,81,44,2,5,0,6,0,0,0,0,2,1,0,0,14
87,88,Brian Cushing,2015,28,1-15,HOU,NFL,6-3,243,30.4,16,16,0.0,63,47,0,0,0,3,0,0,0,0,1,1,0,0,9
88,89,Karlos Dansby,2012,31,2-33,MIA,NFL,6-4,243,29.6,16,16,1.0,101,33,0,0,0,9,0,0,0,0,1,1,0,0,9
89,90,Karlos Dansby,2008,27,2-33,ARI,NFL,6-4,243,29.6,16,16,4.0,95,24,2,47,0,5,1,3,0,0,2,1,0,0,7
90,91,Karlos Dansby,2015,34,2-33,CLE,NFL,6-4,243,29.6,16,16,0.0,63,46,3,93,2,6,0,0,0,0,3,1,0,0,7
91,92,James Darling,2003,29,2-57,ARI,NFL,6-1,247,32.6,16,0,2.0,30,0,0,0,0,0,0,0,0,0,0,1,0,0,1
92,93,Lavonte David,2013,23,2-58,TAM,NFL,6-1,233,30.7,16,16,7.0,106,39,5,87,0,9,0,1,0,0,2,1,0,1,14
93,94,Andra Davis,2011,33,5-141,BUF,NFL,6-1,255,33.6,16,3,0.0,6,8,0,0,0,0,0,0,0,0,0,1,0,0,2
94,95,Andra Davis,2007,29,5-141,CLE,NFL,6-1,255,33.6,16,10,0.0,51,16,0,0,0,3,0,0,0,0,1,1,0,0,5
95,96,Andra Davis,2005,27,5-141,CLE,NFL,6-1,255,33.6,16,16,2.0,89,60,1,14,0,6,0,0,0,0,0,1,0,0,8
96,97,Andra Davis,2003,25,5-141,CLE,NFL,6-1,255,33.6,16,16,5.0,97,39,0,0,0,6,0,0,0,0,2,1,0,0,8
97,98,Andra Davis,2008,30,5-141,CLE,NFL,6-1,255,33.6,16,16,0.0,62,28,1,4,0,3,0,0,0,0,0,1,0,0,8
98,99,Don Davis,2002,30,,STL,NFL,6-1,235,31.0,16,7,0.0,41,6,1,29,0,0,0,0,0,0,0,1,0,0,5
99,100,Rod Davis,2005,24,5-155,MIN,NFL,6-2,239,30.7,16,1,0.0,13,6,0,0,0,0,0,0,0,0,1,1,0,0,1
100,101,Akeem Dent,2012,25,3-91,ATL,NFL,6-1,242,31.9,16,13,0.0,42,23,0,0,0,2,0,0,0,0,0,1,0,0,6
101,102,Na'il Diggs,2007,29,4-98,CAR,NFL,6-4,238,29.0,16,9,3.5,44,14,0,0,0,3,0,1,0,0,1,1,0,0,5
102,103,John DiGiorgio,2007,25,,BUF,NFL,6-2,225,28.9,16,14,2.0,86,27,1,38,0,6,0,2,0,0,0,1,0,0,7
103,104,Tony Dixon,2002,23,2-56,DAL,NFL,6-1,213,28.1,16,8,2.0,39,10,1,0,0,0,0,0,0,0,0,1,0,0,4
104,105,Tim Dobbins,2010,28,5-151,MIA,NFL,6-1,245,32.3,16,6,1.0,36,11,0,0,0,1,0,0,0,0,0,1,0,0,4
105,106,Chris Draft,2005,29,6-157,CAR,NFL,5-11,232,32.4,16,3,2.0,43,9,0,0,0,1,0,2,0,0,1,1,0,0,4
106,107,Chris Draft,2006,30,6-157,CAR,NFL,5-11,232,32.4,16,16,5.5,79,28,0,0,0,2,0,2,8,0,2,1,0,0,9
107,108,Jo-Lonn Dunbar,2011,26,,NOR,NFL,6-1,233,30.7,16,14,1.0,58,22,0,0,0,6,0,0,0,0,2,1,0,0,6
108,109,Jamie Duncan,2003,28,3-84,STL,NFL,6-1,238,31.4,16,6,1.0,23,12,1,0,0,3,0,0,0,0,0,1,0,0,4
109,110,Jamie Duncan,2002,27,3-84,STL,NFL,6-1,238,31.4,16,12,0.0,49,16,0,0,0,0,0,0,0,0,0,1,0,0,6
110,111,Donnie Edwards,2002,29,4-98,SDG,NFL,6-2,227,29.1,16,16,0.0,100,28,5,95,1,10,0,1,82,1,0,1,1,0,14
111,112,Donnie Edwards,2006,33,4-98,SDG,NFL,6-2,227,29.1,16,16,2.5,97,44,3,11,0,8,1,1,0,0,2,1,0,0,8
112,113,James Farrior,2009,34,1-8,PIT,NFL,6-2,242,31.1,16,16,3.0,68,34,1,18,0,5,0,1,0,0,1,1,0,0,8
113,114,James Farrior,2006,31,1-8,PIT,NFL,6-2,242,31.1,16,16,4.0,83,43,1,1,0,6,0,1,0,0,2,1,0,0,9
114,115,James Farrior,2010,35,1-8,PIT,NFL,6-2,242,31.1,16,16,6.0,80,29,0,0,0,5,0,1,8,0,1,1,0,0,10
115,116,James Farrior,2003,28,1-8,PIT,NFL,6-2,242,31.1,16,16,0.0,96,45,1,9,0,4,1,1,0,0,0,1,0,0,9
116,117,James Farrior,2007,32,1-8,PIT,NFL,6-2,242,31.1,16,16,6.5,64,30,1,0,0,7,0,0,0,0,2,1,0,0,9
117,118,James Farrior,2004,29,1-8,PIT,NFL,6-2,242,31.1,16,16,3.0,65,29,4,113,1,12,0,3,0,0,3,1,1,1,19
118,119,James Farrior,2008,33,1-8,PIT,NFL,6-2,242,31.1,16,16,3.5,87,46,0,0,0,5,0,1,0,0,1,1,1,0,16
119,120,Trev Faulk,2005,24,,STL,NFL,6-3,254,31.7,16,5,0.0,34,7,0,0,0,0,0,0,0,0,1,1,0,0,2
120,121,Cortland Finnegan,2006,22,7-215,TEN,NFL,5-9,177,26.1,16,2,2.0,55,15,0,0,0,7,0,2,92,1,1,1,0,0,2
121,122,Dane Fletcher,2014,28,,TAM,NFL,6-2,244,31.3,16,4,0.5,28,13,0,0,0,1,0,0,0,0,0,1,0,0,2
122,123,London Fletcher,2007,32,,WAS,NFL,5-10,245,35.2,16,16,0.0,100,28,3,36,1,10,0,1,6,0,0,1,0,0,10
123,124,London Fletcher,2000,25,,STL,NFL,5-10,245,35.2,16,15,5.5,106,27,4,33,0,0,0,0,0,0,1,1,0,0,6
124,125,London Fletcher,2004,29,,BUF,NFL,5-10,245,35.2,16,16,3.5,92,50,0,0,0,4,0,1,0,0,2,1,0,0,9
125,126,London Fletcher,2011,36,,WAS,NFL,5-10,245,35.2,16,16,1.5,96,70,2,0,0,8,0,0,0,0,2,1,1,0,12
126,127,London Fletcher,2008,33,,WAS,NFL,5-10,245,35.2,16,16,0.5,96,37,0,0,0,6,0,1,12,0,1,1,0,0,10
127,128,London Fletcher,2001,26,,STL,NFL,5-10,245,35.2,16,16,4.5,89,27,2,18,0,5,0,0,0,0,4,1,0,0,9
128,129,London Fletcher,2005,30,,BUF,NFL,5-10,245,35.2,16,16,4.0,104,53,1,20,0,3,0,2,0,0,1,1,0,0,7
129,130,London Fletcher,2009,34,,WAS,NFL,5-10,245,35.2,16,16,2.0,95,47,1,2,0,6,0,0,0,0,1,1,1,0,10
130,131,London Fletcher,2002,27,,BUF,NFL,5-10,245,35.2,16,16,3.0,97,50,0,0,0,2,0,2,20,0,2,1,0,0,7
131,132,London Fletcher,2013,38,,WAS,NFL,5-10,245,35.2,16,16,2.0,63,48,0,0,0,2,0,0,0,0,1,1,0,0,7
132,133,London Fletcher,2012,37,,WAS,NFL,5-10,245,35.2,16,16,3.0,78,61,5,29,0,11,0,0,0,0,1,1,1,0,12
133,134,London Fletcher,2006,31,,BUF,NFL,5-10,245,35.2,16,16,2.0,104,42,4,30,1,14,0,1,5,1,0,1,0,0,10
134,135,London Fletcher,1999,24,,STL,NFL,5-10,245,35.2,16,16,3.0,66,24,0,0,0,0,0,0,0,0,0,1,0,0,10
135,136,London Fletcher,2003,28,,BUF,NFL,5-10,245,35.2,16,16,2.0,96,37,0,0,0,5,0,1,3,0,0,1,0,0,9
136,137,Moise Fokou,2012,27,7-230,IND,NFL,6-1,228,30.1,16,1,1.0,27,11,0,0,0,2,0,0,0,0,1,1,0,0,2
137,138,Larry Foote,2007,27,4-128,PIT,NFL,6-0,234,31.7,16,16,3.0,44,37,1,14,0,5,0,0,0,0,3,1,0,0,8
138,139,Larry Foote,2012,32,4-128,PIT,NFL,6-0,234,31.7,16,16,4.0,75,38,0,0,0,2,0,2,0,0,2,1,0,0,10
139,140,Larry Foote,2004,24,4-128,PIT,NFL,6-0,234,31.7,16,16,3.0,52,17,1,1,0,2,0,1,0,0,1,1,0,0,9
140,141,Larry Foote,2008,28,4-128,PIT,NFL,6-0,234,31.7,16,16,1.5,34,29,0,0,0,3,0,0,0,0,1,1,0,0,9
141,142,Larry Foote,2005,25,4-128,PIT,NFL,6-0,234,31.7,16,16,3.0,76,26,0,0,0,2,0,1,27,0,0,1,0,0,9
142,143,Larry Foote,2006,26,4-128,PIT,NFL,6-0,234,31.7,16,16,4.0,61,29,1,11,0,3,0,1,0,0,2,1,0,0,9
143,144,Mason Foster,2011,22,3-84,TAM,NFL,6-1,241,31.8,16,15,2.0,58,26,1,0,0,2,0,1,0,0,1,1,0,0,5
144,145,Mason Foster,2012,23,3-84,TAM,NFL,6-1,241,31.8,16,16,2.0,82,23,1,0,0,1,0,1,4,0,0,1,0,0,8
145,146,Ryan Fowler,2008,26,,TEN,NFL,6-3,243,30.4,16,3,0.0,20,9,0,0,0,0,0,0,0,0,0,1,0,0,3
146,147,Keyaron Fox,2009,27,3-93,PIT,NFL,6-3,220,27.5,16,3,0.0,31,13,1,82,1,1,0,1,5,0,0,1,0,0,4
147,148,Omar Gaither,2007,23,5-168,PHI,NFL,6-2,235,30.2,16,16,0.0,69,33,1,49,0,8,0,0,0,0,1,1,0,0,8
148,149,Randall Godfrey,1999,26,2-49,DAL,NFL,6-2,245,31.5,16,16,1.0,81,15,1,10,0,0,0,0,0,0,1,1,0,0,11
149,150,Randall Godfrey,2000,27,2-49,TEN,NFL,6-2,245,31.5,16,16,3.0,99,22,2,25,1,0,0,1,0,0,5,1,0,0,20
150,151,Jonathan Goff,2009,24,5-165,NYG,NFL,6-2,238,30.6,16,4,1.0,10,10,1,5,0,2,0,0,0,0,0,1,0,0,2
151,152,Jonathan Goff,2010,25,5-165,NYG,NFL,6-2,238,30.6,16,16,1.0,52,26,0,0,0,2,0,1,22,0,1,1,0,0,7
152,153,Jeff Gooch,2004,30,,TAM,NFL,5-11,226,31.5,16,1,0.5,23,7,0,0,0,0,0,0,0,0,0,1,0,0,2
153,154,Dwayne Gordon,1999,30,8-218,NYJ,NFL,6-1,240,31.7,16,4,1.0,45,14,0,0,0,0,0,0,0,0,0,1,0,0,0
154,155,Chad Greenway,2015,32,1-17,MIN,NFL,6-2,240,30.8,16,12,2.5,56,13,1,91,1,1,0,0,0,0,0,1,0,0,7
155,156,Morlon Greenwood,2005,27,3-88,HOU,NFL,6-0,238,32.3,16,16,2.0,82,30,0,0,0,7,0,2,0,0,0,1,0,0,5
156,157,Gary Guyton,2009,24,,NWE,NFL,6-2,245,31.5,16,16,1.5,55,30,0,0,0,4,0,0,0,0,0,1,0,0,9
157,158,Mario Haggan,2011,31,7-228,DEN,NFL,6-3,248,31.0,16,1,0.0,13,10,1,16,1,1,0,0,0,0,0,1,0,0,2
158,159,Clark Haggans,2002,25,5-137,PIT,NFL,6-4,243,29.6,16,1,6.5,23,14,0,0,0,8,0,0,0,0,2,1,0,0,2
159,160,Kevin Hardy,2003,30,1-2,CIN,NFL,6-4,259,31.5,16,16,1.5,58,33,0,0,0,4,0,1,10,1,1,1,0,0,6
160,161,Bernardo Harris,1999,28,,GNB,NFL,6-2,247,31.7,16,15,0.0,69,40,0,0,0,0,0,1,0,0,1,1,0,0,9
161,162,Bernardo Harris,2000,29,,GNB,NFL,6-2,247,31.7,16,16,2.0,76,21,0,0,0,0,0,0,0,0,1,1,0,0,8
162,163,Bernardo Harris,2001,30,,GNB,NFL,6-2,247,31.7,16,16,2.5,67,28,2,12,0,4,0,3,0,0,1,1,0,0,10
163,164,David Harris,2013,29,2-47,NYJ,NFL,6-2,243,31.2,16,16,2.0,70,54,0,0,0,1,0,0,0,0,1,1,0,0,9
164,165,David Harris,2012,28,2-47,NYJ,NFL,6-2,243,31.2,16,16,3.0,79,44,0,0,0,3,0,1,0,0,1,1,0,0,10
165,166,David Harris,2009,25,2-47,NYJ,NFL,6-2,243,31.2,16,16,5.5,82,45,2,24,0,3,0,0,0,0,2,1,0,0,21
166,167,David Harris,2014,30,2-47,NYJ,NFL,6-2,243,31.2,16,16,5.5,72,52,0,0,0,1,0,0,0,0,2,1,0,0,9
167,168,David Harris,2010,26,2-47,NYJ,NFL,6-2,243,31.2,16,16,3.0,69,30,0,0,0,3,0,1,0,0,0,1,0,0,11
168,169,David Harris,2011,27,2-47,NYJ,NFL,6-2,243,31.2,16,16,5.0,65,21,4,55,1,9,0,0,0,0,0,1,0,0,11
169,170,David Harris,2015,31,2-47,NYJ,NFL,6-2,243,31.2,16,16,4.5,67,41,0,0,0,4,0,0,0,0,2,1,0,0,9
170,171,Napoleon Harris,2003,24,1-23,OAK,NFL,6-2,255,32.7,16,16,2.0,74,33,0,0,0,2,0,0,0,0,3,1,0,0,7
171,172,Napoleon Harris,2007,28,1-23,KAN,NFL,6-2,255,32.7,16,13,1.5,82,34,1,4,0,3,0,0,0,0,0,1,0,0,7
172,173,Ed Hartwell,2002,24,4-126,BAL,NFL,6-1,250,33.0,16,16,3.0,105,39,0,0,0,0,0,0,0,0,0,1,0,0,8
173,174,Ed Hartwell,2003,25,4-126,BAL,NFL,6-1,250,33.0,16,15,3.0,68,26,1,26,0,5,0,0,0,0,1,1,0,0,8
174,175,A.J. Hawk,2008,24,1-5,GNB,NFL,6-1,245,32.3,16,16,3.0,67,19,0,0,0,1,0,0,0,0,0,1,0,0,7
175,176,A.J. Hawk,2014,30,1-5,GNB,NFL,6-1,245,32.3,16,13,0.5,54,40,0,0,0,2,0,0,0,0,0,1,0,0,6
176,177,David Hawthorne,2009,24,,SEA,NFL,6-0,230,31.2,16,11,4.0,94,23,3,9,0,5,0,1,36,0,1,1,0,0,7
177,178,Gerald Hayes,2007,27,3-70,ARI,NFL,6-1,237,31.3,16,16,4.0,82,16,1,30,1,3,0,0,0,0,0,1,0,0,8
178,179,Gerald Hayes,2008,28,3-70,ARI,NFL,6-1,237,31.3,16,14,0.5,67,21,0,0,0,4,0,2,0,0,4,1,0,0,6
179,180,Gerald Hayes,2004,24,3-70,ARI,NFL,6-1,237,31.3,16,1,0.0,20,4,0,0,0,0,1,1,0,0,1,1,0,0,2
180,181,Adam Hayward,2013,29,6-182,TAM,NFL,6-0,235,31.9,16,2,0.0,18,7,0,0,0,1,0,0,0,0,0,1,0,0,2
181,182,E.J. Henderson,2010,30,2-40,MIN,NFL,6-1,245,32.3,16,16,1.0,71,34,3,10,0,4,0,1,0,0,1,1,1,0,11
182,183,E.J. Henderson,2011,31,2-40,MIN,NFL,6-1,245,32.3,16,14,2.0,80,29,0,0,0,3,0,0,0,0,3,1,0,0,5
183,184,E.J. Henderson,2007,27,2-40,MIN,NFL,6-1,245,32.3,16,16,4.5,94,24,0,0,0,4,0,2,16,0,3,1,0,0,8
184,185,Tommy Hendricks,2001,23,,MIA,NFL,6-2,235,30.2,16,1,0.0,16,7,0,0,0,0,0,0,0,0,0,1,0,0,2
185,186,Tommy Hendricks,2003,25,,MIA,NFL,6-2,235,30.2,16,2,0.0,24,9,0,0,0,0,0,0,0,0,1,1,0,0,2
186,187,Mark Herzlich,2012,25,,NYG,NFL,6-4,250,30.4,16,2,0.0,22,8,0,0,0,0,0,0,0,0,0,1,0,0,2
187,188,Mark Herzlich,2013,26,,NYG,NFL,6-4,250,30.4,16,2,0.0,32,10,0,0,0,1,0,0,0,0,0,1,0,0,3
188,189,Hunter Hillenmeyer,2004,24,5-166,CHI,NFL,6-4,238,29.0,16,11,2.5,55,20,0,0,0,2,0,1,13,0,1,1,0,0,7
189,190,Anthony Hitchens,2014,22,4-119,DAL,NFL,6-0,240,32.5,16,11,0.0,66,18,1,8,0,5,0,0,0,0,0,1,0,0,6
190,191,Anthony Hitchens,2015,23,4-119,DAL,NFL,6-0,240,32.5,16,9,2.0,39,27,0,0,0,1,0,0,0,0,1,1,0,0,5
191,192,Warrick Holdman,1999,24,4-106,CHI,NFL,6-1,234,30.9,16,5,2.0,47,13,0,0,0,0,0,1,33,0,2,1,0,0,4
192,193,John Holecek,2000,28,5-144,BUF,NFL,6-2,240,30.8,16,16,0.0,69,41,1,0,0,0,0,0,0,0,0,1,0,0,7
193,194,Dwight Hollier,2000,31,4-97,IND,NFL,6-2,246,31.6,16,15,1.0,61,18,0,0,0,0,0,0,0,0,0,1,0,0,7
194,195,Rob Holmberg,2000,29,7-217,NWE,NFL,6-3,230,28.7,16,5,0.0,16,4,0,0,0,0,0,0,0,0,0,1,0,0,3
195,196,Earl Holmes,2003,30,4-126,DET,NFL,6-2,242,31.1,16,13,2.0,68,29,0,0,0,0,0,0,0,0,0,1,0,0,6
196,197,Earl Holmes,2000,27,4-126,PIT,NFL,6-2,242,31.1,16,16,1.0,87,41,0,0,0,0,0,1,4,0,1,1,0,0,10
197,198,Earl Holmes,2004,31,4-126,DET,NFL,6-2,242,31.1,16,14,0.0,78,33,0,0,0,2,0,0,0,0,0,1,0,0,6
198,199,Earl Holmes,2001,28,4-126,PIT,NFL,6-2,242,31.1,16,16,2.0,83,33,0,0,0,2,0,1,0,0,2,1,0,0,10
199,200,Earl Holmes,2002,29,4-126,CLE,NFL,6-2,242,31.1,16,15,0.0,95,32,0,0,0,0,0,1,0,0,0,1,0,0,8
200,201,Earl Holmes,1999,26,4-126,PIT,NFL,6-2,242,31.1,16,16,0.0,89,26,0,0,0,0,0,1,0,0,0,1,0,0,11
201,202,Orlando Huff,2004,26,4-104,SEA,NFL,6-2,250,32.1,16,14,1.0,42,10,0,0,0,3,0,2,0,0,0,1,0,0,6
202,203,Orlando Huff,2002,24,4-104,SEA,NFL,6-2,250,32.1,16,7,0.0,43,14,1,0,0,0,0,0,0,0,0,1,0,0,4
203,204,Nate Irving,2011,23,3-67,DEN,NFL,6-1,242,31.9,16,0,0.0,3,1,0,0,0,0,0,0,0,0,0,1,0,0,1
204,205,Brian Iwuh,2007,23,,JAX,NFL,5-11,225,31.4,16,1,0.0,24,7,0,0,0,0,0,1,0,0,0,1,0,0,2
205,206,D'Qwell Jackson,2011,28,2-34,CLE,NFL,6-0,230,31.2,16,16,3.5,116,42,1,24,0,3,0,3,1,0,1,1,0,0,11
206,207,D'Qwell Jackson,2015,32,2-34,IND,NFL,6-0,230,31.2,16,16,3.0,89,61,1,6,1,9,0,0,0,0,1,1,0,0,8
207,208,D'Qwell Jackson,2012,29,2-34,CLE,NFL,6-0,230,31.2,16,16,3.5,63,55,2,31,1,7,0,2,0,0,2,1,0,0,10
208,209,D'Qwell Jackson,2014,31,2-34,IND,NFL,6-0,230,31.2,16,16,4.0,96,71,0,0,0,3,0,4,35,1,1,1,1,0,12
209,210,Bradie James,2007,26,4-103,DAL,NFL,6-2,243,31.2,16,16,3.0,64,37,0,0,0,0,0,3,1,0,0,1,0,0,8
210,211,Bradie James,2011,30,4-103,DAL,NFL,6-2,243,31.2,16,13,0.0,29,15,0,0,0,1,0,1,0,0,1,1,0,0,6
211,212,Bradie James,2005,24,4-103,DAL,NFL,6-2,243,31.2,16,16,2.5,73,20,0,0,0,4,0,0,0,0,0,1,0,0,9
212,213,Bradie James,2006,25,4-103,DAL,NFL,6-2,243,31.2,16,16,0.0,64,37,1,15,1,9,0,2,0,0,2,1,0,0,7
213,214,Tory James,1999,26,2-44,DEN,NFL,6-2,186,23.9,16,4,0.0,32,1,5,59,0,0,0,0,0,0,1,1,0,0,0
214,215,Derrick Johnson,2012,30,1-15,KAN,NFL,6-3,242,30.2,16,16,2.0,110,15,0,0,0,4,0,0,0,0,4,1,1,0,9
215,216,Derrick Johnson,2011,29,1-15,KAN,NFL,6-3,242,30.2,16,16,2.0,104,27,2,18,0,9,0,1,0,0,1,1,1,1,15
216,217,Derrick Johnson,2015,33,1-15,KAN,NFL,6-3,242,30.2,16,16,4.0,95,21,2,23,0,8,0,0,0,0,2,1,1,0,14
217,218,Derrick Johnson,2010,28,1-15,KAN,NFL,6-3,242,30.2,16,16,1.0,95,26,1,15,1,15,0,1,0,0,3,1,0,0,10
218,219,James-Michael Johnson,2013,24,4-120,KAN,NFL,6-1,241,31.8,16,1,1.0,17,0,0,0,0,1,0,0,0,0,1,1,0,0,2
219,220,James-Michael Johnson,2014,25,4-120,KAN,NFL,6-1,241,31.8,16,9,0.0,42,9,0,0,0,1,0,0,0,0,1,1,0,0,5
220,221,Jarret Johnson,2005,24,4-109,BAL,NFL,6-3,285,35.6,16,12,1.5,26,12,0,0,0,3,0,0,0,0,1,1,0,0,6
221,222,Landon Johnson,2005,24,3-96,CIN,NFL,6-2,227,29.1,16,10,0.0,60,26,0,0,0,2,0,0,0,0,1,1,0,0,4
222,223,Landon Johnson,2004,23,3-96,CIN,NFL,6-2,227,29.1,16,11,2.0,60,27,0,0,0,2,0,1,0,0,2,1,0,0,6
223,224,Landon Johnson,2007,26,3-96,CIN,NFL,6-2,227,29.1,16,16,1.0,71,38,0,0,0,4,0,2,34,1,0,1,0,0,7
224,225,Steven Johnson,2013,25,,DEN,NFL,6-1,237,31.3,16,0,0.0,6,2,0,0,0,0,0,0,0,0,0,1,0,0,1
225,226,Brad Jones,2012,26,7-218,GNB,NFL,6-3,230,28.7,16,10,2.0,56,21,0,0,0,4,0,0,0,0,1,1,0,0,5
226,227,Dhani Jones,2010,32,6-177,CIN,NFL,6-1,240,31.7,16,16,1.0,86,39,0,0,0,2,0,0,0,0,1,1,0,0,8
227,228,Dhani Jones,2004,26,6-177,PHI,NFL,6-1,240,31.7,16,15,0.5,49,22,1,0,0,5,0,1,0,0,0,1,0,0,8
228,229,Dhani Jones,2008,30,6-177,CIN,NFL,6-1,240,31.7,16,16,0.0,75,41,1,13,0,8,0,1,0,0,1,1,0,0,8
229,230,Dhani Jones,2009,31,6-177,CIN,NFL,6-1,240,31.7,16,16,3.5,76,37,0,0,0,4,0,2,0,0,1,1,0,0,9
230,231,Greg Jones,2011,23,6-185,NYG,NFL,6-0,240,32.5,16,5,0.0,22,5,0,0,0,0,0,1,0,0,0,1,0,0,3
231,232,Marvin Jones,2000,28,1-4,NYJ,NFL,6-2,244,31.3,16,16,1.0,102,33,0,0,0,0,0,1,0,0,2,1,0,0,9
232,233,Marvin Jones,2001,29,1-4,NYJ,NFL,6-2,244,31.3,16,16,1.0,94,38,3,27,0,5,1,1,0,0,2,1,0,0,8
233,234,Marvin Jones,2002,30,1-4,NYJ,NFL,6-2,244,31.3,16,16,0.0,77,32,1,0,0,0,0,2,1,0,0,1,0,0,7
234,235,Marvin Jones,1999,27,1-4,NYJ,NFL,6-2,244,31.3,16,16,1.0,69,23,1,15,0,0,0,1,0,0,1,1,0,0,10
235,236,Marvin Jones,2003,31,1-4,NYJ,NFL,6-2,244,31.3,16,16,0.0,72,43,0,0,0,3,0,1,0,0,0,1,0,0,7
236,237,Robert Jones,2000,31,1-24,MIA,NFL,6-3,244,30.5,16,16,0.0,33,18,0,0,0,0,0,1,0,0,0,1,0,0,8
237,238,Akeem Jordan,2013,28,,KAN,NFL,6-1,226,29.8,16,10,0.0,54,13,0,0,0,0,0,0,0,0,2,1,0,0,5
238,239,Brad Kassell,2003,23,,TEN,NFL,6-3,242,30.2,16,4,0.0,31,10,0,0,0,2,0,0,0,0,0,1,0,0,3
239,240,Brad Kassell,2005,25,,TEN,NFL,6-3,242,30.2,16,14,0.0,53,24,1,21,1,4,0,3,0,0,1,1,0,0,6
240,241,Andy Katzenmoyer,1999,22,1-28,NWE,NFL,6-3,255,31.9,16,11,3.5,63,14,1,57,1,0,0,0,0,0,0,1,0,0,8
241,242,Freddy Keiaho,2009,27,3-94,IND,NFL,5-11,224,31.2,16,2,1.0,27,11,0,0,0,1,0,2,0,0,0,1,0,0,2
242,243,Jeff Kelly,1999,24,6-198,ATL,NFL,5-11,242,33.7,16,1,0.0,13,3,0,0,0,0,0,1,0,0,1,1,0,0,0
243,244,Levon Kirkland,2001,32,2-38,SEA,NFL,6-1,270,35.6,16,16,1.0,79,21,0,0,0,3,0,0,0,0,2,1,0,0,7
244,245,Levon Kirkland,2002,33,2-38,PHI,NFL,6-1,270,35.6,16,15,0.0,53,21,0,0,0,0,0,1,0,0,0,1,0,0,9
245,246,Levon Kirkland,1999,30,2-38,PIT,NFL,6-1,270,35.6,16,16,2.0,89,22,1,23,0,0,0,2,0,0,4,1,0,0,12
246,247,Levon Kirkland,2000,31,2-38,PIT,NFL,6-1,270,35.6,16,16,0.0,65,21,1,1,0,0,0,1,0,0,0,1,0,0,10
247,248,George Koonce,2000,32,,SEA,NFL,6-1,245,32.3,16,16,1.5,74,23,1,27,1,0,0,1,0,0,0,1,0,0,6
248,249,Niko Koutouvides,2004,23,4-116,SEA,NFL,6-2,238,30.6,16,2,1.0,49,13,0,0,0,0,0,0,0,0,0,1,0,0,2
249,250,Scott Kowalkowski,1999,31,8-216,DET,NFL,6-2,220,28.2,16,3,1.0,9,13,1,29,0,0,0,0,0,0,0,1,0,0,0
250,251,Scott Kowalkowski,2000,32,8-216,DET,NFL,6-2,220,28.2,16,2,0.0,20,8,0,0,0,0,0,1,2,0,2,1,0,0,2
251,252,Clint Kriewaldt,2005,29,6-177,PIT,NFL,6-1,242,31.9,16,2,0.0,25,6,0,0,0,1,0,0,0,0,0,1,0,0,2
252,253,Luke Kuechly,2012,21,1-9,CAR,NFL,6-3,242,30.2,16,16,1.0,103,62,2,22,0,8,0,3,9,0,0,1,0,0,9
253,254,Luke Kuechly,2013,22,1-9,CAR,NFL,6-3,242,30.2,16,16,2.0,96,70,4,33,0,8,0,0,0,0,0,1,1,1,18
254,255,Luke Kuechly,2014,23,1-9,CAR,NFL,6-3,242,30.2,16,16,3.0,107,64,1,0,0,13,0,1,0,0,1,1,1,1,15
255,256,Danny Lansanah,2015,30,,TAM,NFL,6-1,248,32.7,16,11,1.0,28,19,0,0,0,4,0,0,0,0,1,1,0,0,4
256,257,Danny Lansanah,2014,29,,TAM,NFL,6-1,248,32.7,16,11,1.5,61,20,3,60,2,8,0,0,0,0,0,1,0,0,6
257,258,James Laurinaitis,2011,25,2-35,STL,NFL,6-2,255,32.7,16,16,3.0,105,37,2,15,0,7,0,1,0,0,0,1,0,0,9
258,259,James Laurinaitis,2009,23,2-35,STL,NFL,6-2,255,32.7,16,16,2.0,107,13,2,28,0,5,0,1,0,0,0,1,0,0,7
259,260,James Laurinaitis,2012,26,2-35,STL,NFL,6-2,255,32.7,16,16,0.5,117,25,2,18,0,4,0,1,4,0,0,1,0,0,9
260,261,James Laurinaitis,2015,29,2-35,STL,NFL,6-2,255,32.7,16,16,1.0,60,49,1,0,0,1,0,0,0,0,1,1,0,0,9
261,262,James Laurinaitis,2014,28,2-35,STL,NFL,6-2,255,32.7,16,16,3.5,81,28,0,0,0,3,0,2,17,0,0,1,0,0,9
262,263,James Laurinaitis,2010,24,2-35,STL,NFL,6-2,255,32.7,16,16,3.0,98,16,1,4,0,5,0,1,0,0,0,1,0,0,10
263,264,James Laurinaitis,2013,27,2-35,STL,NFL,6-2,255,32.7,16,16,3.5,85,32,2,9,0,8,0,2,43,0,0,1,0,0,8
264,265,Manny Lawson,2015,31,1-22,BUF,NFL,6-5,240,28.5,16,14,1.0,35,10,1,0,0,5,0,0,0,0,0,1,0,0,8
265,266,Paris Lenon,2008,31,,DET,NFL,6-2,240,30.8,16,16,1.5,81,40,0,0,0,3,0,2,0,0,2,1,0,0,5
266,267,Paris Lenon,2006,29,,DET,NFL,6-2,240,30.8,16,16,0.0,51,20,1,0,0,3,0,2,10,0,0,1,0,0,6
267,268,Paris Lenon,2007,30,,DET,NFL,6-2,240,30.8,16,16,2.0,88,30,1,61,1,3,0,0,0,0,2,1,0,0,6
268,269,DeAndre Levy,2009,22,3-76,DET,NFL,6-2,230,29.5,16,10,0.0,54,24,1,5,0,5,1,2,0,0,1,1,0,0,4
269,270,Kevin Lewis,2004,26,,NYG,NFL,6-1,235,31.0,16,16,1.0,65,26,0,0,0,3,0,1,16,0,0,1,0,0,7
270,271,Ray Lewis,2000,25,1-26,BAL,NFL,6-1,245,32.3,16,16,3.0,107,30,2,1,0,0,0,3,0,0,0,1,1,1,23
271,272,Ray Lewis,2008,33,1-26,BAL,NFL,6-1,245,32.3,16,16,3.5,85,32,3,43,0,9,0,2,0,0,2,1,1,1,19
272,273,Ray Lewis,2001,26,1-26,BAL,NFL,6-1,245,32.3,16,16,3.5,112,49,3,115,0,10,0,1,0,0,1,1,1,1,19
273,274,Ray Lewis,2009,34,1-26,BAL,NFL,6-1,245,32.3,16,16,3.0,95,39,0,9,0,7,0,1,1,0,2,1,1,1,16
274,275,Ray Lewis,1999,24,1-26,BAL,NFL,6-1,245,32.3,16,16,3.5,131,37,3,97,0,0,1,0,0,0,0,1,1,1,21
275,276,Ray Lewis,2010,35,1-26,BAL,NFL,6-1,245,32.3,16,16,2.0,102,37,2,26,1,4,0,3,1,0,2,1,1,0,15
276,277,Ray Lewis,2003,28,1-26,BAL,NFL,6-1,245,32.3,16,16,1.5,120,41,6,99,1,14,0,2,1,0,2,1,1,1,20
277,278,Curtis Lofton,2010,24,2-37,ATL,NFL,6-2,238,30.6,16,16,2.0,92,25,1,2,0,3,0,0,0,0,3,1,0,0,8
278,279,Curtis Lofton,2011,25,2-37,ATL,NFL,6-2,238,30.6,16,16,1.0,96,63,2,30,1,7,0,1,0,0,1,1,0,0,9
279,280,Curtis Lofton,2015,29,2-37,OAK,NFL,6-2,238,30.6,16,9,1.0,45,19,0,0,0,1,0,1,0,0,0,1,0,0,5
280,281,Curtis Lofton,2009,23,2-37,ATL,NFL,6-2,238,30.6,16,16,0.0,103,28,0,0,0,2,0,0,0,0,2,1,0,0,8
281,282,Curtis Lofton,2008,22,2-37,ATL,NFL,6-2,238,30.6,16,15,1.0,60,27,0,0,0,3,0,0,0,0,1,1,0,0,7
282,283,Curtis Lofton,2012,26,2-37,NOR,NFL,6-2,238,30.6,16,16,1.0,82,41,0,0,0,7,0,2,0,0,2,1,0,0,7
283,284,Lemar Marshall,2005,29,,WAS,NFL,6-2,227,29.1,16,16,2.0,79,19,4,55,1,9,0,0,0,0,2,1,0,0,11
284,285,Lonnie Marts,1999,31,,JAX,NFL,6-2,246,31.6,16,16,2.0,63,9,1,10,0,0,0,2,3,0,2,1,0,0,10
285,286,Casey Matthews,2011,22,4-116,PHI,NFL,6-1,243,32.1,16,3,1.0,29,8,0,0,0,0,0,0,0,0,0,1,0,0,2
286,287,Clay Matthews,2014,28,1-26,GNB,NFL,6-3,255,31.9,16,16,11.0,52,19,1,40,0,9,0,0,0,0,2,1,1,0,12
287,288,Clay Matthews,2015,29,1-26,GNB,NFL,6-3,255,31.9,16,16,6.5,49,17,1,42,0,3,0,1,0,0,0,1,1,0,12
288,289,Rey Maualuga,2012,25,2-38,CIN,NFL,6-1,254,33.5,16,16,1.0,62,60,0,0,0,4,0,1,0,0,0,1,0,0,8
289,290,Josh Mauga,2014,27,,KAN,NFL,6-1,250,33.0,16,16,0.5,82,21,0,0,0,3,0,0,0,0,0,1,0,0,8
290,291,Corey Mays,2009,26,,KAN,NFL,6-1,245,32.3,16,13,0.0,66,19,0,0,0,2,0,0,0,0,0,1,0,0,6
291,292,Joe Mays,2011,26,6-200,DEN,NFL,5-11,245,34.2,16,12,0.0,67,16,0,0,0,3,0,0,0,0,0,1,0,0,6
292,293,Colin McCarthy,2013,24,4-109,TEN,NFL,6-4,235,28.6,16,5,0.0,38,17,1,1,0,1,0,0,0,0,1,1,0,0,3
293,294,Jameel McClain,2014,29,,NYG,NFL,6-1,245,32.3,16,14,2.5,75,41,0,0,0,3,0,0,0,0,1,1,0,0,7
294,295,Albert McClellan,2011,25,,BAL,NFL,6-2,255,32.7,16,1,0.0,5,4,0,0,0,0,0,0,0,0,0,1,0,0,2
295,296,Ed McDaniel,1999,30,5-125,MIN,NFL,5-11,230,32.1,16,16,2.0,86,34,0,0,0,0,0,2,0,0,0,1,0,0,10
296,297,Rocky McIntosh,2009,27,2-35,WAS,NFL,6-2,235,30.2,16,16,0.0,64,30,2,27,0,4,1,0,0,0,2,1,0,0,8
297,298,Ronald McKinnon,2004,31,,ARI,NFL,6-0,246,33.4,16,10,0.0,49,25,0,0,0,0,0,0,0,0,0,1,0,0,6
298,299,Ronald McKinnon,2000,27,,ARI,NFL,6-0,246,33.4,16,16,4.0,119,38,0,0,0,0,0,1,0,0,2,1,0,0,5
299,300,Ronald McKinnon,2003,30,,ARI,NFL,6-0,246,33.4,16,16,2.0,80,25,0,0,0,1,0,1,0,0,2,1,0,0,6
300,301,Ronald McKinnon,1999,26,,ARI,NFL,6-0,246,33.4,16,16,1.0,94,47,1,0,0,0,0,1,0,0,3,1,0,0,8
301,302,Ronald McKinnon,2002,29,,ARI,NFL,6-0,246,33.4,16,16,0.0,67,41,0,0,0,0,0,0,0,0,0,1,0,0,6
302,303,Ronald McKinnon,2005,32,,NOR,NFL,6-0,246,33.4,16,9,0.0,61,17,0,0,0,1,0,0,0,0,0,1,0,0,5
303,304,Ronald McKinnon,2001,28,,ARI,NFL,6-0,246,33.4,16,16,2.0,97,48,1,24,1,5,0,2,25,1,1,1,0,0,8
304,305,Caleb Miller,2006,26,3-80,CIN,NFL,6-3,225,28.1,16,7,1.0,66,33,0,0,0,3,0,1,0,0,0,1,0,0,5
305,306,Barry Minter,1999,29,6-168,CHI,NFL,6-2,242,31.1,16,16,3.0,96,25,2,66,1,0,0,1,0,0,3,1,0,0,10
306,307,Kawika Mitchell,2005,26,2-47,KAN,NFL,6-1,253,33.4,16,16,2.0,84,21,1,0,0,11,0,2,0,0,0,1,0,0,8
307,308,Kawika Mitchell,2006,27,2-47,KAN,NFL,6-1,253,33.4,16,16,1.5,82,22,1,23,0,3,0,1,0,0,0,1,0,0,8
308,309,Kevin Mitchell,2002,31,2-53,WAS,NFL,6-1,258,34.0,16,3,0.0,26,9,1,7,0,0,0,0,0,0,0,1,0,0,3
309,310,Kevin Mitchell,1999,28,2-53,NOR,NFL,6-1,258,34.0,16,1,0.0,14,1,0,0,0,0,0,0,0,0,0,1,0,0,0
310,311,Arthur Moats,2013,25,6-178,BUF,NFL,6-0,246,33.4,16,12,0.0,30,24,0,0,0,0,0,0,0,0,0,1,0,0,5
311,312,Pete Monty,1999,25,4-103,NYG,NFL,6-2,250,32.1,16,3,0.0,13,4,0,0,0,0,0,0,0,0,0,1,0,0,0
312,313,Pete Monty,2000,26,4-103,NYG,NFL,6-2,250,32.1,16,1,2.0,17,2,0,0,0,0,0,1,0,0,1,1,0,0,2
313,314,Brandon Moore,2006,27,,SFO,NFL,6-1,242,31.9,16,11,6.5,62,30,0,0,0,2,0,0,0,0,2,1,0,0,5
314,315,Brandon Moore,2005,26,,SFO,NFL,6-1,242,31.9,16,10,5.0,50,21,1,12,0,4,1,1,9,0,0,1,0,0,5
315,316,Zeke Moreno,2003,25,5-139,SDG,NFL,6-2,235,30.2,16,12,2.0,79,17,0,0,0,4,0,2,0,0,1,1,0,0,5
316,317,Rob Morris,2002,27,1-28,IND,NFL,6-2,243,31.2,16,16,3.0,76,24,0,0,0,2,0,1,0,0,1,1,0,0,7
317,318,Rob Morris,2003,28,1-28,IND,NFL,6-2,243,31.2,16,16,0.0,58,25,0,0,0,1,0,0,0,0,0,1,0,0,6
318,319,Kirk Morrison,2008,26,3-78,OAK,NFL,6-1,238,31.4,16,16,1.0,99,36,1,0,0,1,0,0,0,0,2,1,0,0,7
319,320,Kirk Morrison,2009,27,3-78,OAK,NFL,6-1,238,31.4,16,16,2.0,109,24,0,0,0,0,1,1,8,0,3,1,0,0,7
320,321,Kirk Morrison,2006,24,3-78,OAK,NFL,6-1,238,31.4,16,16,1.0,101,26,2,32,0,5,0,1,35,1,1,1,0,0,8
321,322,Kirk Morrison,2007,25,3-78,OAK,NFL,6-1,238,31.4,16,16,1.0,96,24,4,94,0,10,1,1,0,0,0,1,0,0,8
322,323,Dat Nguyen,2004,29,3-85,DAL,NFL,5-11,238,33.2,16,16,1.0,75,32,3,19,0,5,0,1,9,0,1,1,0,0,7
323,324,Dat Nguyen,2003,28,3-85,DAL,NFL,5-11,238,33.2,16,16,2.0,88,31,0,0,0,11,0,2,0,0,2,1,0,0,15
324,325,Dat Nguyen,2001,26,3-85,DAL,NFL,5-11,238,33.2,16,16,0.0,90,22,0,0,0,2,0,0,0,0,1,1,0,0,7
325,326,Hardy Nickerson,1999,34,5-122,TAM,NFL,6-2,230,29.5,16,16,0.5,65,45,2,18,0,0,0,0,0,0,3,1,1,0,17
326,327,Hardy Nickerson,2002,37,5-122,GNB,NFL,6-2,230,29.5,16,15,1.5,49,36,0,0,0,0,0,0,0,0,0,1,0,0,7
327,328,Ken Norton,2000,34,2-41,SFO,NFL,6-2,254,32.6,16,16,0.0,47,26,0,0,0,0,0,1,0,0,0,1,0,0,5
328,329,Ken Norton,1999,33,2-41,SFO,NFL,6-2,254,32.6,16,16,1.0,76,26,0,0,0,0,0,0,0,0,1,1,0,0,5
329,330,Leslie O'Neal,1999,35,1-8,KAN,NFL,6-4,275,33.5,16,10,5.5,23,6,0,0,0,0,0,0,0,0,0,1,0,0,7
330,331,Calvin Pace,2007,27,1-18,ARI,NFL,6-4,262,31.9,16,16,6.5,80,18,1,14,0,6,0,2,4,0,1,1,0,0,13
331,332,Ashlee Palmer,2010,24,,DET,NFL,6-1,223,29.4,16,5,1.0,33,10,0,0,0,1,0,0,0,0,3,1,0,0,3
332,333,Marvcus Patton,1999,32,8-208,KAN,NFL,6-2,236,30.3,16,16,6.5,89,16,1,0,0,0,0,3,0,0,1,1,0,0,11
333,334,Marvcus Patton,2002,35,8-208,KAN,NFL,6-2,236,30.3,16,15,2.0,70,21,2,29,0,0,0,2,5,0,0,1,0,0,6
334,335,Marvcus Patton,2001,34,8-208,KAN,NFL,6-2,236,30.3,16,15,3.0,98,15,2,5,0,5,0,0,0,0,2,1,0,0,7
335,336,Marvcus Patton,2000,33,8-208,KAN,NFL,6-2,236,30.3,16,15,1.0,88,23,2,39,1,0,0,1,0,0,1,1,0,0,8
336,337,Mike Peterson,2005,29,2-36,JAX,NFL,6-1,230,30.3,16,16,6.0,94,37,3,54,1,6,0,1,0,0,2,1,0,0,16
337,338,Mike Peterson,2004,28,2-36,JAX,NFL,6-1,230,30.3,16,16,5.0,93,33,0,0,0,1,0,1,0,0,1,1,0,0,10
338,339,Mike Peterson,2003,27,2-36,JAX,NFL,6-1,230,30.3,16,16,1.0,71,29,3,8,0,9,0,2,0,0,2,1,0,0,8
339,340,Ryan Phillips,1999,25,3-68,NYG,NFL,6-4,252,30.7,16,16,0.0,51,23,1,0,0,0,0,0,0,0,0,1,0,0,8
340,341,Antonio Pierce,2006,28,,NYG,NFL,6-1,240,31.7,16,16,1.0,107,30,1,6,0,9,0,2,0,0,1,1,1,0,9
341,342,Antonio Pierce,2004,26,,WAS,NFL,6-1,240,31.7,16,16,1.0,85,27,2,94,1,5,0,2,2,0,1,1,0,0,13
342,343,Antonio Pierce,2007,29,,NYG,NFL,6-1,240,31.7,16,16,1.0,77,26,1,28,0,8,0,2,0,0,1,1,0,0,8
343,344,DaShon Polk,2004,27,7-251,HOU,NFL,6-2,242,31.1,16,4,1.0,25,12,0,0,0,0,0,1,0,0,0,1,0,0,3
344,345,Tommy Polley,2005,27,2-42,BAL,NFL,6-3,240,30.0,16,15,4.0,72,24,0,0,0,4,0,1,2,0,0,1,0,0,8
345,346,Derrick Pope,2004,22,7-222,MIA,NFL,6-0,232,31.5,16,3,2.0,28,15,0,0,0,0,0,1,1,1,1,1,0,0,4
346,347,Paul Posluszny,2008,24,2-34,BUF,NFL,6-2,238,30.6,16,16,0.0,87,23,1,9,0,6,0,1,0,0,1,1,0,0,8
347,348,Paul Posluszny,2012,28,2-34,JAX,NFL,6-2,238,30.6,16,16,2.0,106,33,3,20,0,7,0,0,0,0,2,1,0,0,8
348,349,Paul Posluszny,2011,27,2-34,JAX,NFL,6-2,238,30.6,16,16,2.0,69,50,2,2,0,9,0,0,0,0,1,1,0,0,9
349,350,Shelton Quarles,2005,34,,TAM,NFL,6-1,225,29.7,16,16,1.0,99,30,0,0,0,2,0,1,0,0,4,1,0,0,9
350,351,Shelton Quarles,2002,31,,TAM,NFL,6-1,225,29.7,16,16,1.0,74,39,2,29,1,0,0,0,0,0,0,1,1,0,13
351,352,Wali Rainer,2002,25,4-124,JAX,NFL,6-2,240,30.8,16,14,1.0,71,21,0,0,0,6,0,1,0,0,0,1,0,0,7
352,353,Wali Rainer,1999,22,4-124,CLE,NFL,6-2,240,30.8,16,15,1.0,108,29,0,0,0,0,0,0,0,0,1,1,0,0,6
353,354,Wali Rainer,2005,28,4-124,DET,NFL,6-2,240,30.8,16,5,0.0,39,10,0,0,0,0,0,0,0,0,0,1,0,0,3
354,355,Wali Rainer,2000,23,4-124,CLE,NFL,6-2,240,30.8,16,16,1.0,86,33,1,5,0,0,0,1,0,0,2,1,0,0,6
355,356,Saleem Rasheed,2003,22,3-69,SFO,NFL,6-2,229,29.4,16,1,0.0,6,5,0,0,0,1,0,0,0,0,1,1,0,0,1
356,357,Vincent Rey,2015,28,,CIN,NFL,6-0,241,32.7,16,8,1.0,62,33,1,0,0,5,0,0,0,0,0,1,0,0,6
357,358,Vincent Rey,2014,27,,CIN,NFL,6-0,241,32.7,16,13,0.0,66,67,0,0,0,5,0,0,0,0,1,1,0,0,7
358,359,Vincent Rey,2013,26,,CIN,NFL,6-0,241,32.7,16,3,4.0,36,21,2,29,1,5,0,1,0,0,1,1,0,0,5
359,360,Nick Roach,2013,28,,OAK,NFL,6-1,246,32.5,16,16,5.5,83,29,1,0,0,3,0,0,0,0,4,1,0,0,7
360,361,Nick Roach,2009,24,,CHI,NFL,6-1,246,32.5,16,15,2.0,54,21,0,0,0,3,0,1,0,0,3,1,0,0,6
361,362,Nick Roach,2012,27,,CHI,NFL,6-1,246,32.5,16,14,1.5,51,15,0,0,0,4,0,1,0,0,1,1,0,0,9
362,363,Craig Robertson,2014,26,,CLE,NFL,6-1,229,30.2,16,11,0.0,57,42,2,30,0,4,0,1,0,1,0,1,0,0,8
363,364,Nickell Robey,2014,22,,BUF,NFL,5-7,169,26.5,16,7,1.0,38,9,0,0,0,8,0,2,2,0,0,1,0,0,4
364,365,Adrian Ross,2001,26,,CIN,NFL,6-2,245,31.5,16,1,1.0,15,7,0,0,0,0,0,1,0,0,0,1,0,0,2
365,366,Adrian Ross,2002,27,,CIN,NFL,6-2,245,31.5,16,6,0.0,21,4,0,0,0,0,0,0,0,0,0,1,0,0,3
366,367,Orlando Ruff,2000,24,,SDG,NFL,6-3,250,31.2,16,14,0.0,54,14,1,18,0,0,0,1,0,0,0,1,0,0,5
367,368,Orlando Ruff,2001,25,,SDG,NFL,6-3,250,31.2,16,14,1.0,61,15,0,0,0,4,0,1,0,0,1,1,0,0,6
368,369,Orlando Ruff,2003,27,,NOR,NFL,6-3,250,31.2,16,9,0.0,50,19,1,7,0,4,0,1,0,0,0,1,0,0,6
369,370,Barrett Ruud,2009,26,2-36,TAM,NFL,6-1,242,31.9,16,16,0.0,107,35,1,23,0,7,0,0,0,0,1,1,0,0,7
370,371,Barrett Ruud,2006,23,2-36,TAM,NFL,6-1,242,31.9,16,5,0.0,37,20,0,0,0,0,0,0,0,0,0,1,0,0,3
371,372,Barrett Ruud,2010,27,2-36,TAM,NFL,6-1,242,31.9,16,16,2.0,85,33,1,1,0,4,0,0,0,0,2,1,0,0,8
372,373,Barrett Ruud,2008,25,2-36,TAM,NFL,6-1,242,31.9,16,16,3.0,102,35,2,10,0,6,0,1,0,0,0,1,0,0,10
373,374,DeMeco Ryans,2009,25,2-33,HOU,NFL,6-1,235,31.0,16,16,1.0,93,30,0,0,0,2,0,1,29,0,1,1,1,0,10
374,375,DeMeco Ryans,2012,28,2-33,PHI,NFL,6-1,235,31.0,16,16,1.0,86,27,1,0,0,4,0,0,0,0,0,1,0,0,7
375,376,DeMeco Ryans,2008,24,2-33,HOU,NFL,6-1,235,31.0,16,16,1.0,86,26,0,0,0,4,0,3,47,0,2,1,0,0,7
376,377,DeMeco Ryans,2006,22,2-33,HOU,NFL,6-1,235,31.0,16,16,3.5,125,30,1,16,0,7,0,1,0,0,1,1,0,0,7
377,378,DeMeco Ryans,2007,23,2-33,HOU,NFL,6-1,235,31.0,16,16,2.0,99,29,1,1,0,7,0,3,26,1,1,1,1,0,10
378,379,Bart Scott,2006,26,,BAL,NFL,6-2,235,30.2,16,16,9.5,78,25,2,31,0,9,0,0,0,0,0,1,1,0,15
379,380,Bart Scott,2007,27,,BAL,NFL,6-2,235,30.2,16,16,1.0,62,31,0,0,0,5,0,0,0,0,0,1,0,0,7
380,381,Bart Scott,2008,28,,BAL,NFL,6-2,235,30.2,16,16,1.5,61,21,0,0,0,5,0,0,0,0,2,1,0,0,9
381,382,Bart Scott,2005,25,,BAL,NFL,6-2,235,30.2,16,10,4.0,62,30,0,0,0,1,0,2,11,0,2,1,0,0,6
382,383,Jordan Senn,2011,27,,CAR,NFL,5-11,224,31.2,16,7,0.0,43,28,1,21,0,2,0,0,0,0,3,1,0,0,3
383,384,Adam Seward,2006,24,5-149,CAR,NFL,6-3,253,31.6,16,2,0.0,21,4,0,0,0,0,0,0,0,0,0,1,0,0,2
384,385,Jamie Sharper,2003,29,2-34,HOU,NFL,6-3,240,30.0,16,16,4.0,105,59,0,0,0,3,0,0,0,0,3,1,0,0,8
385,386,Jamie Sharper,2004,30,2-34,HOU,NFL,6-3,240,30.0,16,16,2.0,96,41,0,0,0,9,0,1,16,1,3,1,0,0,8
386,387,Jamie Sharper,2002,28,2-34,HOU,NFL,6-3,240,30.0,16,16,5.5,95,40,0,0,0,0,0,3,2,0,0,1,0,0,10
387,388,Tim Shaw,2012,28,5-164,TEN,NFL,6-2,236,30.3,16,2,0.0,30,14,0,0,0,0,0,0,0,0,1,1,0,0,2
388,389,Kelvin Sheppard,2012,24,3-68,BUF,NFL,6-2,246,31.6,16,15,2.0,56,24,0,0,0,1,0,0,0,0,0,1,0,0,5
389,390,Kelvin Sheppard,2011,23,3-68,BUF,NFL,6-2,246,31.6,16,9,0.0,46,24,0,0,0,1,0,1,0,0,0,1,0,0,4
390,391,Brandon Siler,2012,27,7-240,KAN,NFL,6-2,241,30.9,16,4,0.0,17,2,0,0,0,0,0,0,0,0,1,1,0,0,2
391,392,Anthony Simmons,1999,23,1-15,SEA,NFL,6-0,240,32.5,16,16,0.0,57,35,0,0,0,0,0,0,0,0,0,1,0,0,9
392,393,Brian Simmons,2001,26,1-17,CIN,NFL,6-3,244,30.5,16,16,6.5,50,32,1,5,0,5,0,0,56,1,2,1,0,0,8
393,394,Brian Simmons,2002,27,1-17,CIN,NFL,6-3,244,30.5,16,15,3.0,65,21,1,51,1,7,0,0,0,0,0,1,0,0,6
394,395,Brian Simmons,1999,24,1-17,CIN,NFL,6-3,244,30.5,16,16,3.0,90,20,0,0,0,0,0,1,0,0,0,1,0,0,6
395,396,Mark Simoneau,2007,30,3-67,NOR,NFL,6-0,245,33.2,16,16,2.0,50,20,0,0,0,1,0,0,0,0,0,1,0,0,6
396,397,Mark Simoneau,2003,26,3-67,PHI,NFL,6-0,245,33.2,16,16,2.0,78,22,0,0,0,5,0,0,0,0,3,1,0,0,8
397,398,Mark Simoneau,2006,29,3-67,NOR,NFL,6-0,245,33.2,16,13,1.0,33,28,1,0,0,1,0,0,0,0,0,1,0,0,6
398,399,Peter Sirmon,2006,29,4-128,TEN,NFL,6-2,237,30.4,16,15,0.5,60,28,1,13,0,4,0,0,0,0,0,1,0,0,5
399,400,Dan Skuta,2011,25,,CIN,NFL,6-2,251,32.2,16,3,0.5,16,15,0,0,0,0,0,0,0,0,1,1,0,0,2
400,401,T.J. Slaughter,2000,23,3-92,JAX,NFL,6-0,234,31.7,16,7,0.0,40,15,0,0,0,0,0,0,0,0,0,1,0,0,4
401,402,D.J. Smith,2011,22,6-186,GNB,NFL,5-11,239,33.3,16,3,0.0,32,11,1,11,0,1,0,0,0,0,0,1,0,0,3
402,403,Darrin Smith,2000,30,2-54,NOR,NFL,6-1,236,31.1,16,11,2.0,61,30,2,56,1,0,0,0,0,0,0,1,0,0,6
403,404,Daryl Smith,2013,31,2-39,BAL,NFL,6-2,235,30.2,16,16,5.0,57,66,3,41,1,18,0,0,0,0,2,1,0,0,10
404,405,Daryl Smith,2006,24,2-39,JAX,NFL,6-2,235,30.2,16,16,3.0,72,16,1,4,0,7,0,0,0,0,1,1,0,0,9
405,406,Derek Smith,2005,30,3-80,SFO,NFL,6-2,245,31.5,16,16,0.0,90,26,1,13,0,7,0,1,0,1,0,1,0,0,7
406,407,Derek Smith,2002,27,3-80,SFO,NFL,6-2,245,31.5,16,16,1.0,84,29,0,0,0,6,0,1,0,0,1,1,0,0,7
407,408,Derek Smith,1999,24,3-80,WAS,NFL,6-2,245,31.5,16,16,1.0,66,28,1,0,0,0,0,1,0,0,0,1,0,0,8
408,409,Derek Smith,2003,28,3-80,SFO,NFL,6-2,245,31.5,16,16,3.5,88,27,0,0,0,3,0,1,7,0,1,1,0,0,7
409,410,Derek Smith,2000,25,3-80,WAS,NFL,6-2,245,31.5,16,14,1.0,71,17,0,0,0,0,0,1,0,0,1,1,0,0,9
410,411,Malcolm Smith,2015,26,7-242,OAK,NFL,6-0,226,30.6,16,16,4.0,100,23,1,27,0,6,0,0,0,0,3,1,0,0,8
411,412,Travian Smith,2002,27,5-152,OAK,NFL,6-4,240,29.2,16,2,5.0,38,7,0,0,0,0,0,0,0,0,0,1,0,0,3
412,413,Sean Spence,2014,25,3-86,PIT,NFL,5-11,231,32.2,16,9,1.0,35,20,0,0,0,0,0,1,0,0,1,1,0,0,4
413,414,Brandon Spikes,2014,27,2-62,BUF,NFL,6-3,250,31.2,16,10,1.0,32,22,0,0,0,3,0,0,0,0,1,1,0,0,5
414,415,Takeo Spikes,2008,32,1-13,SFO,NFL,6-2,242,31.1,16,13,1.0,61,35,3,14,0,6,1,1,0,0,2,1,0,0,7
415,416,Takeo Spikes,1999,23,1-13,CIN,NFL,6-2,242,31.1,16,16,3.0,82,23,2,7,0,0,0,4,0,0,3,1,0,0,7
416,417,Sam Sword,2001,27,,IND,NFL,6-1,245,32.3,16,2,1.0,32,7,0,0,0,4,0,0,0,0,1,1,0,0,1
417,418,Lofa Tatupu,2005,23,2-45,SEA,NFL,6-0,238,32.3,16,16,4.0,85,19,3,55,1,10,0,1,0,0,0,1,1,0,13
418,419,Lofa Tatupu,2006,24,2-45,SEA,NFL,6-0,238,32.3,16,16,1.5,91,31,1,19,0,7,0,1,0,0,2,1,1,0,10
419,420,Lofa Tatupu,2010,28,2-45,SEA,NFL,6-0,238,32.3,16,16,1.0,58,30,1,26,1,8,0,0,0,0,1,1,0,0,7
420,421,Lofa Tatupu,2007,25,2-45,SEA,NFL,6-0,238,32.3,16,16,1.0,83,26,4,116,0,9,0,0,0,0,3,1,1,1,15
421,422,Dontarrious Thomas,2006,26,2-48,MIN,NFL,6-2,241,30.9,16,3,1.0,20,11,0,0,0,0,0,0,0,0,0,1,0,0,3
422,423,Dontarrious Thomas,2004,24,2-48,MIN,NFL,6-2,241,30.9,16,5,0.5,42,17,0,0,0,0,0,1,2,0,1,1,0,0,2
423,424,J.T. Thomas,2014,26,,JAX,NFL,6-1,241,31.8,16,10,0.0,51,34,2,10,0,5,0,1,0,1,2,1,0,0,6
424,425,Zach Thomas,2002,29,5-154,MIA,NFL,5-11,230,32.1,16,16,0.5,101,55,1,7,0,4,0,1,22,0,0,1,1,1,14
425,426,Zach Thomas,1999,26,5-154,MIA,NFL,5-11,230,32.1,16,16,1.0,80,53,1,0,0,0,0,0,0,0,1,1,1,1,19
426,427,Odell Thurman,2005,22,2-48,CIN,NFL,6-0,237,32.1,16,15,1.5,64,34,5,59,1,9,0,1,23,0,5,1,0,0,7
427,428,Lawrence Timmons,2014,28,1-15,PIT,NFL,6-1,234,30.9,16,16,2.0,90,49,0,0,0,1,0,0,0,0,0,1,1,0,11
428,429,Lawrence Timmons,2010,24,1-15,PIT,NFL,6-1,234,30.9,16,15,3.0,96,39,2,5,0,10,0,2,0,0,2,1,0,0,11
429,430,Lawrence Timmons,2012,26,1-15,PIT,NFL,6-1,234,30.9,16,16,6.0,75,31,3,80,1,5,0,1,1,0,2,1,0,0,11
430,431,Lawrence Timmons,2015,29,1-15,PIT,NFL,6-1,234,30.9,16,16,5.0,77,42,1,0,0,6,0,0,0,0,1,1,0,0,9
431,432,Lawrence Timmons,2013,27,1-15,PIT,NFL,6-1,234,30.9,16,16,3.0,86,40,2,26,0,6,0,1,29,0,1,1,0,0,9
432,433,Lawrence Timmons,2011,25,1-15,PIT,NFL,6-1,234,30.9,16,16,2.0,68,25,1,0,0,5,0,0,0,0,1,1,0,0,10
433,434,Pisa Tinoisamoa,2003,22,2-43,STL,NFL,6-1,235,31.0,16,15,2.0,63,13,3,46,0,7,0,1,5,0,4,1,0,0,8
434,435,Reggie Torbor,2008,27,4-97,MIA,NFL,6-2,254,32.6,16,1,0.5,12,5,0,0,0,0,0,0,0,0,0,1,0,0,2
435,436,Steve Tovar,1999,29,3-59,CAR,NFL,6-3,246,30.7,16,6,0.0,20,6,0,0,0,0,0,0,0,0,1,1,0,0,3
436,437,Lester Towns,2000,23,7-221,CAR,NFL,6-1,252,33.2,16,14,0.0,79,14,0,0,0,0,0,2,0,0,1,1,0,0,8
437,438,Lester Towns,2001,24,7-221,CAR,NFL,6-1,252,33.2,16,15,0.0,64,27,1,0,0,4,0,0,0,0,2,1,0,0,7
438,439,Jeremiah Trotter,2006,29,3-72,PHI,NFL,6-1,262,34.6,16,16,0.0,87,25,1,17,0,4,0,0,0,0,1,1,0,0,8
439,440,Jeremiah Trotter,1999,22,3-72,PHI,NFL,6-1,262,34.6,16,16,2.5,91,31,2,30,0,0,0,1,0,0,2,1,0,0,10
440,441,Jeremiah Trotter,2003,26,3-72,WAS,NFL,6-1,262,34.6,16,16,1.5,90,23,1,21,0,11,0,1,0,0,2,1,0,0,7
441,442,Jeremiah Trotter,2000,23,3-72,PHI,NFL,6-1,262,34.6,16,16,3.0,100,20,1,27,1,0,0,0,0,0,0,1,1,1,17
442,443,Jeremiah Trotter,2004,27,3-72,PHI,NFL,6-1,262,34.6,16,9,1.0,60,9,0,0,0,1,0,0,0,0,0,1,1,0,8
443,444,Jeremiah Trotter,2001,24,3-72,PHI,NFL,6-1,262,34.6,16,16,3.5,93,22,2,64,1,10,0,1,0,0,2,1,1,0,18
444,445,Winfred Tubbs,1999,29,3-79,SFO,NFL,6-4,250,30.4,16,15,2.0,72,14,1,8,0,0,0,1,0,0,0,1,0,0,5
445,446,Stephen Tulloch,2007,22,4-116,TEN,NFL,5-11,230,32.1,16,1,0.0,34,11,0,0,0,0,0,0,0,0,0,1,0,0,2
446,447,Stephen Tulloch,2015,30,4-116,DET,NFL,5-11,230,32.1,16,15,1.0,74,34,0,0,0,1,0,2,0,0,1,1,0,0,7
447,448,Stephen Tulloch,2008,23,4-116,TEN,NFL,5-11,230,32.1,16,12,1.0,64,20,0,0,0,2,0,2,0,0,0,1,0,0,8
448,449,Stephen Tulloch,2013,28,4-116,DET,NFL,5-11,230,32.1,16,16,3.5,93,42,1,0,0,2,0,0,0,0,0,1,0,0,8
449,450,Stephen Tulloch,2009,24,4-116,TEN,NFL,5-11,230,32.1,16,13,2.0,94,27,0,0,0,1,0,1,0,0,0,1,0,0,6
450,451,Stephen Tulloch,2012,27,4-116,DET,NFL,5-11,230,32.1,16,16,0.5,74,38,0,0,0,6,0,2,0,0,1,1,0,0,7
451,452,Stephen Tulloch,2011,26,4-116,DET,NFL,5-11,230,32.1,16,16,3.0,84,27,2,9,0,7,0,3,4,1,1,1,0,0,9
452,453,Stephen Tulloch,2006,21,4-116,TEN,NFL,5-11,230,32.1,16,3,0.5,27,20,1,0,0,3,0,1,0,0,0,1,0,0,2
453,454,Stephen Tulloch,2010,25,4-116,TEN,NFL,5-11,230,32.1,16,16,1.0,111,49,1,18,0,6,0,1,0,0,0,1,0,0,8
454,455,Jeff Ulbrich,2006,29,3-86,SFO,NFL,6-0,249,33.8,16,9,0.0,46,18,0,0,0,0,0,0,0,0,0,1,0,0,4
455,456,Jeff Ulbrich,2008,31,3-86,SFO,NFL,6-0,249,33.8,16,3,0.0,14,4,0,0,0,0,0,0,0,0,0,1,0,0,2
456,457,Jeff Ulbrich,2004,27,3-86,SFO,NFL,6-0,249,33.8,16,14,1.0,73,19,1,19,0,3,0,0,0,0,1,1,0,0,6
457,458,Jeff Ulbrich,2007,30,3-86,SFO,NFL,6-0,249,33.8,16,2,0.0,26,10,0,0,0,1,0,1,0,0,0,1,0,0,2
458,459,Brian Urlacher,2008,30,1-9,CHI,NFL,6-4,258,31.4,16,16,0.0,79,14,2,11,0,10,0,1,0,0,0,1,0,0,9
459,460,Brian Urlacher,2011,33,1-9,CHI,NFL,6-4,258,31.4,16,16,0.0,84,18,3,7,0,6,0,2,29,1,0,1,1,0,12
460,461,Brian Urlacher,2001,23,1-9,CHI,NFL,6-4,258,31.4,16,16,6.0,89,27,3,60,0,8,0,2,101,1,2,1,1,1,21
461,462,Brian Urlacher,2005,27,1-9,CHI,NFL,6-4,258,31.4,16,16,6.0,97,24,0,0,0,5,0,0,0,0,1,1,1,1,18
462,463,Brian Urlacher,2010,32,1-9,CHI,NFL,6-4,258,31.4,16,16,4.0,96,29,1,0,0,10,0,2,0,0,1,1,1,0,15
463,464,Brian Urlacher,2002,24,1-9,CHI,NFL,6-4,258,31.4,16,16,4.5,115,36,1,0,0,7,0,2,43,0,2,1,1,1,14
464,465,Brian Urlacher,2006,28,1-9,CHI,NFL,6-4,258,31.4,16,16,0.0,92,49,3,38,0,9,0,1,0,0,1,1,1,1,18
465,466,Brian Urlacher,2003,25,1-9,CHI,NFL,6-4,258,31.4,16,16,2.5,87,29,0,0,0,4,0,0,0,0,0,1,1,0,9
466,467,Brian Urlacher,2007,29,1-9,CHI,NFL,6-4,258,31.4,16,16,5.0,92,31,5,101,1,12,0,2,0,0,0,1,0,0,10
467,468,Brian Urlacher,2000,22,1-9,CHI,NFL,6-4,258,31.4,16,14,8.0,101,24,2,19,0,0,0,1,0,0,0,1,1,0,10
468,469,Jonathan Vilma,2008,26,1-12,NOR,NFL,6-1,230,30.3,16,16,1.0,98,34,1,8,0,6,0,3,0,0,2,1,0,0,8
469,470,Jonathan Vilma,2005,23,1-12,NYJ,NFL,6-1,230,30.3,16,16,0.5,124,45,1,1,0,6,1,1,4,0,4,1,1,0,9
470,471,Jonathan Vilma,2006,24,1-12,NYJ,NFL,6-1,230,30.3,16,16,0.0,66,47,1,0,0,4,0,1,12,0,0,1,0,0,7
471,472,Jonathan Vilma,2010,28,1-12,NOR,NFL,6-1,230,30.3,16,16,4.0,71,34,1,5,0,3,0,1,0,0,3,1,1,0,11
472,473,Jonathan Vilma,2004,22,1-12,NYJ,NFL,6-1,230,30.3,16,14,2.0,77,30,3,58,1,5,0,1,0,0,0,1,0,0,10
473,474,Bobby Wagner,2012,22,2-47,SEA,NFL,6-0,241,32.7,16,15,2.0,85,54,3,55,0,4,0,0,0,0,0,1,0,0,10
474,475,Nate Webster,2001,24,3-90,TAM,NFL,6-0,230,31.2,16,1,0.0,28,12,0,0,0,3,0,0,0,0,0,1,0,0,2
475,476,Dean Wells,1999,29,4-85,CAR,NFL,6-3,248,31.0,16,10,0.5,56,25,1,1,0,0,0,0,0,0,2,1,0,0,5
476,477,Tahir Whitehead,2014,24,5-138,DET,NFL,6-2,233,29.9,16,15,0.0,70,21,2,2,0,5,0,0,0,0,0,1,0,0,8
477,478,D.J. Williams,2007,25,1-17,DEN,NFL,6-2,247,31.7,16,16,1.0,106,35,1,0,0,5,0,2,0,0,2,1,0,0,7
478,479,Demorrio Williams,2009,29,4-101,KAN,NFL,6-0,232,31.5,16,13,0.0,95,22,0,0,0,6,0,0,0,0,0,1,0,0,6
479,480,Demorrio Williams,2006,26,4-101,ATL,NFL,6-0,232,31.5,16,10,1.0,57,33,1,9,0,3,0,1,54,1,2,1,0,0,6
480,481,Jacquian Williams,2011,23,6-202,NYG,NFL,6-4,225,27.4,16,2,1.0,58,20,0,0,0,5,0,3,0,0,1,1,0,0,3
481,482,Jacquian Williams,2013,25,6-202,NYG,NFL,6-4,225,27.4,16,8,0.0,39,19,0,0,0,9,0,2,5,0,0,1,0,0,5
482,483,Leon Williams,2006,23,4-110,CLE,NFL,6-3,245,30.6,16,3,1.0,27,13,0,0,0,3,0,0,0,0,1,1,0,0,2
483,484,Leon Williams,2007,24,4-110,CLE,NFL,6-3,245,30.6,16,9,4.0,63,22,0,0,0,3,0,0,0,0,0,1,0,0,5
484,485,Vince Williams,2014,25,6-206,PIT,NFL,6-1,247,32.6,16,2,0.0,29,17,0,0,0,0,0,1,0,0,0,1,0,0,2
485,486,Patrick Willis,2007,22,1-11,SFO,NFL,6-1,242,31.9,16,16,4.0,135,39,0,0,0,5,0,1,0,0,2,1,1,1,17
486,487,Patrick Willis,2009,24,1-11,SFO,NFL,6-1,242,31.9,16,16,4.0,114,38,3,33,1,8,0,0,0,0,3,1,1,1,19
487,488,Patrick Willis,2008,23,1-11,SFO,NFL,6-1,242,31.9,16,16,1.0,109,32,1,86,1,10,0,1,0,0,1,1,1,0,13
488,489,Al Wilson,2003,26,1-31,DEN,NFL,6-0,240,32.5,16,16,1.0,69,18,0,0,0,7,0,2,0,0,0,1,1,0,11
489,490,Al Wilson,2004,27,1-31,DEN,NFL,6-0,240,32.5,16,16,2.5,71,33,2,17,1,5,0,0,0,0,2,1,0,0,9
490,491,Al Wilson,2001,24,1-31,DEN,NFL,6-0,240,32.5,16,16,3.0,72,13,0,0,0,5,0,0,0,0,0,1,1,0,9
491,492,Al Wilson,2002,25,1-31,DEN,NFL,6-0,240,32.5,16,15,5.0,99,32,0,0,0,4,0,2,2,0,1,1,1,0,10
492,493,Al Wilson,1999,22,1-31,DEN,NFL,6-0,240,32.5,16,12,1.0,58,16,0,0,0,0,0,2,0,0,2,1,0,0,7
493,494,Kamerion Wimbley,2011,28,1-13,OAK,NFL,6-3,245,30.6,16,16,7.0,52,11,1,73,0,3,0,0,0,0,0,1,0,0,7
494,495,Will Witherspoon,2008,28,3-73,STL,NFL,6-1,234,30.9,16,12,1.0,57,15,1,2,0,3,0,1,0,0,0,1,0,0,5
495,496,Will Witherspoon,2003,23,3-73,CAR,NFL,6-1,234,30.9,16,16,1.0,74,25,1,10,0,5,0,0,0,0,0,1,0,0,8
496,497,Will Witherspoon,2006,26,3-73,STL,NFL,6-1,234,30.9,16,16,3.0,99,14,0,0,0,9,0,1,0,0,3,1,0,0,7
497,498,Will Witherspoon,2007,27,3-73,STL,NFL,6-1,234,30.9,16,16,7.0,92,18,0,0,0,7,0,1,0,0,2,1,0,0,7
498,499,Kailee Wong,2000,24,2-51,MIN,NFL,6-2,250,32.1,16,16,2.0,83,28,2,28,0,0,1,0,0,0,0,1,0,0,6
499,500,Kailee Wong,2001,25,2-51,MIN,NFL,6-2,250,32.1,16,16,3.0,83,15,1,27,1,4,0,0,0,0,0,1,0,0,7
500,501,Paul Worrilow,2013,23,,ATL,NFL,6-1,232,30.6,16,12,2.0,79,48,0,0,0,1,0,0,0,0,0,1,0,0,5
501,502,Barron Wortham,1999,30,6-194,TEN,NFL,5-11,244,34.0,16,15,0.5,46,14,0,0,0,0,0,3,8,0,1,1,0,0,8
502,503,Barron Wortham,2000,31,6-194,DAL,NFL,5-11,244,34.0,16,11,0.0,55,10,2,1,0,0,0,1,0,0,2,1,0,0,5
503,504,K.J. Wright,2015,26,4-99,SEA,NFL,6-3,246,30.7,16,16,1.0,71,45,0,0,0,3,0,2,4,0,4,1,0,0,10
504,505,K.J. Wright,2014,25,4-99,SEA,NFL,6-3,246,30.7,16,16,2.0,89,41,0,0,0,5,0,1,0,0,3,1,0,0,9
505,506,K.J. Wright,2011,22,4-99,SEA,NFL,6-3,246,30.7,16,12,2.0,50,15,0,0,0,2,0,1,30,0,1,1,0,0,7
506,507,Kenyatta Wright,2000,22,,BUF,NFL,6-0,240,32.5,16,1,0.0,34,6,0,0,0,0,0,0,0,0,0,1,0,0,2
507,508,Michael Young,2002,24,,ARI,NFL,6-2,245,31.5,16,2,0.0,19,6,0,0,0,0,0,0,0,0,0,1,0,0,2
508,509,Akin Ayodele,2010,31,3-89,BUF,NFL,6-2,251,32.2,15,10,0.0,60,46,0,0,0,3,0,0,0,0,0,1,0,0,4
509,510,Nick Barnett,2003,22,1-29,GNB,NFL,6-2,240,30.8,15,15,2.0,86,26,3,21,0,6,0,1,0,0,0,1,0,0,9
510,511,Nick Barnett,2006,25,1-29,GNB,NFL,6-2,240,30.8,15,15,2.0,62,43,2,3,0,8,0,1,0,0,0,1,0,0,7
511,512,Micheal Barrow,2002,32,2-47,NYG,NFL,6-2,245,31.5,15,14,2.5,72,37,0,0,0,3,0,0,0,0,2,1,0,0,8
512,513,Micheal Barrow,2000,30,2-47,NYG,NFL,6-2,245,31.5,15,15,3.5,72,22,1,7,0,0,0,1,0,0,1,1,0,0,8
513,514,Jon Beason,2013,28,1-25,2TM,NFL,6-0,237,32.1,15,13,0.0,72,32,1,9,0,1,0,0,0,0,0,1,0,0,7
514,515,Monty Beisel,2005,27,4-107,NWE,NFL,6-3,254,31.7,15,6,1.0,30,17,0,0,0,1,0,0,0,0,1,1,0,0,3
515,516,Desmond Bishop,2010,26,6-193,GNB,NFL,6-2,241,30.9,15,12,3.0,75,28,1,32,1,8,0,0,0,0,2,1,0,0,9
516,517,Chase Blackburn,2012,29,,NYG,NFL,6-3,247,30.9,15,15,3.0,64,34,1,0,0,6,0,0,0,0,4,1,0,0,7
517,518,Chase Blackburn,2005,22,,NYG,NFL,6-3,247,30.9,15,2,0.0,21,10,1,31,1,1,0,1,0,0,0,1,0,0,3
518,519,Chris Bordano,1999,25,6-161,NOR,NFL,6-1,241,31.8,15,12,0.0,38,21,0,0,0,0,0,0,0,0,0,1,0,0,6
519,520,Stephen Boyd,2000,28,5-141,DET,NFL,6-0,247,33.5,15,15,0.5,76,63,1,0,0,0,0,1,0,0,1,1,1,0,13
520,521,Gary Brackett,2004,24,,IND,NFL,5-11,235,32.8,15,1,0.0,24,12,2,2,0,3,0,0,0,0,0,1,0,0,2
521,522,Jasper Brinkley,2015,30,5-150,NYG,NFL,6-2,275,35.3,15,9,1.0,48,18,0,0,0,0,0,1,0,0,4,1,0,0,4
522,523,Chad Brown,2005,35,2-44,NWE,NFL,6-2,245,31.5,15,5,0.0,31,8,0,0,0,0,0,0,0,0,0,1,0,0,3
523,524,Tedy Bruschi,2001,28,3-86,NWE,NFL,6-1,247,32.6,15,9,2.0,54,21,2,7,0,3,1,1,0,0,3,1,0,0,7
524,525,Tedy Bruschi,2006,33,3-86,NWE,NFL,6-1,247,32.6,15,14,1.5,54,58,1,8,0,7,0,2,0,0,0,1,0,0,9
525,526,Keith Bulluck,2001,24,1-30,TEN,NFL,6-3,235,29.4,15,3,1.0,30,21,2,21,0,5,0,2,0,0,0,1,0,0,3
526,527,Keith Burns,2005,33,7-210,DEN,NFL,6-2,235,30.2,15,1,0.0,16,3,0,0,0,0,0,1,0,0,0,1,0,0,2
527,528,Jonathan Casillas,2015,28,,NYG,NFL,6-0,225,30.5,15,7,2.0,62,18,1,0,0,5,0,0,0,0,0,1,0,0,4
528,529,Frank Chamberlin,2002,24,5-160,TEN,NFL,6-1,235,31.0,15,3,0.0,16,6,0,0,0,0,0,1,8,0,0,1,0,0,3
529,530,Dan Connor,2011,26,3-74,CAR,NFL,6-3,233,29.1,15,11,0.0,52,21,0,0,0,0,0,0,0,0,1,1,0,0,4
530,531,Sam Cowart,2005,30,2-39,MIN,NFL,6-2,245,31.5,15,14,2.0,72,13,0,0,0,2,0,0,0,0,0,1,0,0,6
531,532,Bryan Cox,2000,32,5-113,NYJ,NFL,6-4,250,30.4,15,14,6.0,54,27,0,0,0,0,0,2,0,0,3,1,0,0,8
532,533,Brock Coyle,2014,24,,SEA,NFL,6-2,245,31.5,15,2,0.0,9,4,0,0,0,0,0,0,0,0,0,1,0,0,2
533,534,Akeem Dent,2013,26,3-91,ATL,NFL,6-1,242,31.9,15,7,1.5,26,25,0,0,0,1,0,0,0,0,0,1,0,0,3
534,535,Akeem Dent,2014,27,3-91,HOU,NFL,6-1,242,31.9,15,7,1.0,25,13,0,0,0,0,0,0,0,0,0,1,0,0,4
535,536,Jamie Duncan,2001,26,3-84,TAM,NFL,6-1,238,31.4,15,15,2.0,62,21,1,9,0,3,0,0,0,0,1,1,0,0,7
536,537,Jamie Duncan,2000,25,3-84,TAM,NFL,6-1,238,31.4,15,15,0.0,48,17,4,55,1,0,0,1,0,0,0,1,0,0,8
537,538,Dannell Ellerbe,2013,28,,MIA,NFL,6-1,236,31.1,15,15,1.0,70,31,2,25,0,5,0,2,0,0,0,1,0,0,8
538,539,Larry Foote,2011,31,4-128,PIT,NFL,6-0,234,31.7,15,5,1.5,30,17,0,0,0,1,0,0,0,0,0,1,0,0,4
539,540,Mason Foster,2013,24,3-84,TAM,NFL,6-1,241,31.8,15,13,2.0,63,29,3,122,2,7,0,0,0,0,1,1,0,0,6
540,541,Terence Garvin,2013,22,,PIT,NFL,6-3,221,27.6,15,1,0.0,11,0,0,0,0,0,0,0,0,0,0,1,0,0,1
541,542,Chris Gocong,2009,26,3-71,PHI,NFL,6-2,260,33.4,15,11,1.0,35,9,0,0,0,2,0,0,0,0,1,1,0,0,4
542,543,Randall Godfrey,2003,30,2-49,SEA,NFL,6-2,245,31.5,15,14,0.0,44,14,1,7,0,4,0,1,55,1,1,1,0,0,6
543,544,Clark Haggans,2006,29,5-137,PIT,NFL,6-4,243,29.6,15,15,6.0,51,25,1,0,0,4,0,1,0,0,2,1,0,0,8
544,545,Napoleon Harris,2002,23,1-23,OAK,NFL,6-2,255,32.7,15,13,0.5,59,22,0,0,0,2,0,0,0,0,0,1,0,0,6
545,546,David Hawthorne,2011,26,,SEA,NFL,6-0,230,31.2,15,14,2.0,73,42,3,111,1,6,0,1,9,0,0,1,0,0,9
546,547,Ben Heeney,2015,23,5-140,OAK,NFL,6-0,226,30.6,15,3,2.5,27,6,0,0,0,1,0,0,0,0,1,1,0,0,2
547,548,E.J. Henderson,2005,25,2-40,MIN,NFL,6-1,245,32.3,15,14,1.0,53,22,0,0,0,1,0,1,0,0,2,1,0,0,6
548,549,Nate Irving,2013,25,3-67,DEN,NFL,6-1,242,31.9,15,4,1.0,29,12,0,0,0,2,0,0,0,0,0,1,0,0,3
549,550,Bradie James,2012,31,4-103,HOU,NFL,6-2,243,31.2,15,15,0.5,46,31,0,0,0,2,0,2,0,0,0,1,0,0,8
550,551,Derrick Johnson,2009,27,1-15,KAN,NFL,6-3,242,30.2,15,3,1.0,30,7,3,175,2,5,0,0,0,0,1,1,0,0,4
551,552,Derrick Johnson,2013,31,1-15,KAN,NFL,6-3,242,30.2,15,15,4.5,95,12,2,44,0,7,0,2,11,0,0,1,1,0,12
552,553,Robert Jones,2001,32,1-24,WAS,NFL,6-3,244,30.5,15,9,0.0,31,8,0,0,0,1,0,0,0,0,1,1,0,0,4
553,554,Brad Kassell,2004,24,,TEN,NFL,6-3,242,30.2,15,14,0.0,74,27,0,0,0,1,0,1,0,0,1,1,0,0,6
554,555,A.J. Klein,2015,24,5-148,CAR,NFL,6-1,250,33.0,15,6,1.0,33,14,1,8,0,1,0,0,0,0,1,1,0,0,4
555,556,Jamari Lattimore,2013,25,,GNB,NFL,6-2,232,29.8,15,4,2.0,24,11,0,0,0,1,0,0,0,0,1,1,0,0,3
556,557,Ray Lewis,2004,29,1-26,BAL,NFL,6-1,245,32.3,15,15,1.0,100,46,0,0,0,6,0,2,0,0,1,1,1,1,18
557,558,Travis Lewis,2015,27,7-223,DET,NFL,6-1,246,32.5,15,4,1.0,10,3,0,0,0,0,0,0,0,0,0,1,0,0,2
558,559,Lemar Marshall,2006,30,,WAS,NFL,6-2,227,29.1,15,15,1.5,70,34,0,0,0,3,0,1,0,0,0,1,0,0,6
559,560,Rey Maualuga,2015,28,2-38,CIN,NFL,6-1,254,33.5,15,14,0.0,43,32,1,15,0,4,0,1,0,0,0,1,0,0,8
560,561,Rolando McClain,2010,21,1-8,OAK,NFL,6-3,254,31.7,15,15,0.5,59,26,1,10,0,6,0,0,0,0,0,1,0,0,7
561,562,Rolando McClain,2011,22,1-8,OAK,NFL,6-3,254,31.7,15,14,5.0,79,21,0,0,0,11,0,0,0,0,0,1,0,0,6
562,563,Kawika Mitchell,2004,25,2-47,KAN,NFL,6-1,253,33.4,15,12,1.0,58,14,0,0,0,3,0,2,39,1,1,1,0,0,4
563,564,Marty Moore,1999,28,7-222,NWE,NFL,6-1,244,32.2,15,2,0.0,2,4,0,0,0,0,0,0,0,0,0,1,0,0,0
564,565,Rob Morris,2004,29,1-28,IND,NFL,6-2,243,31.2,15,14,3.0,53,24,1,17,0,2,0,0,0,0,1,1,0,0,5
565,566,Rob Morris,2006,31,1-28,IND,NFL,6-2,243,31.2,15,5,0.0,43,12,0,0,0,0,0,0,0,0,0,1,0,0,2
566,567,Hardy Nickerson,2001,36,5-122,JAX,NFL,6-2,230,29.5,15,14,0.0,88,28,3,4,0,9,0,1,0,0,1,1,0,0,8
567,568,Mike Peterson,2008,32,2-36,JAX,NFL,6-1,230,30.3,15,10,1.0,70,14,0,0,0,0,0,0,0,0,0,1,0,0,5
568,569,Antonio Pierce,2008,30,,NYG,NFL,6-1,240,31.7,15,15,1.5,72,23,0,0,0,2,0,0,0,0,2,1,0,0,8
569,570,Paul Posluszny,2013,29,2-34,JAX,NFL,6-2,238,30.6,15,15,3.0,122,40,2,69,1,9,0,1,0,0,1,1,1,0,9
570,571,Shelton Quarles,2004,33,,TAM,NFL,6-1,225,29.7,15,15,3.5,71,33,0,0,0,3,0,0,0,0,0,1,0,0,8
571,572,Barrett Ruud,2007,24,2-36,TAM,NFL,6-1,242,31.9,15,15,0.0,83,31,2,7,0,3,0,3,3,0,4,1,0,0,10
572,573,Darryl Sharpton,2013,25,4-102,HOU,NFL,6-0,229,31.1,15,8,0.0,55,31,0,0,0,2,0,0,0,0,2,1,0,0,4
573,574,Kelvin Sheppard,2013,25,3-68,IND,NFL,6-2,246,31.6,15,7,1.0,20,26,0,0,0,1,0,1,0,0,0,1,0,0,4
574,575,Daryl Smith,2007,25,2-39,JAX,NFL,6-2,235,30.2,15,15,1.5,54,17,0,0,0,4,0,2,77,1,0,1,0,0,8
575,576,Armegis Spearman,2000,22,,CIN,NFL,6-2,251,32.2,15,11,1.0,46,24,0,0,0,0,0,0,0,0,0,1,0,0,5
576,577,Sean Spence,2015,26,3-86,PIT,NFL,5-11,231,32.2,15,4,1.0,28,7,0,0,0,0,0,0,0,0,0,1,0,0,3
577,578,Stevenson Sylvester,2011,23,5-166,PIT,NFL,6-2,225,28.9,15,1,0.0,0,3,0,0,0,0,0,0,0,0,1,1,0,0,2
578,579,Lofa Tatupu,2008,26,2-45,SEA,NFL,6-0,238,32.3,15,15,0.0,69,25,1,16,0,4,0,0,0,0,1,1,0,0,6
579,580,Zach Thomas,2001,28,5-154,MIA,NFL,5-11,230,32.1,15,15,3.0,94,60,2,51,1,4,0,0,0,0,2,1,1,0,13
580,581,Zach Thomas,2003,30,5-154,MIA,NFL,5-11,230,32.1,15,15,1.0,84,68,3,21,0,10,0,2,0,0,1,1,1,1,17
581,582,Lester Towns,2003,26,7-221,CAR,NFL,6-1,252,33.2,15,1,0.0,21,4,0,0,0,0,0,0,0,0,0,1,0,0,2
582,583,Jeremiah Trotter,2005,28,3-72,PHI,NFL,6-1,262,34.6,15,15,1.0,101,18,1,2,0,10,0,0,0,0,2,1,1,0,10
583,584,Joe Tuipala,2002,26,,JAX,NFL,6-1,244,32.2,15,0,0.0,15,1,0,0,0,0,0,0,0,0,0,1,0,0,1
584,585,Jeff Ulbrich,2003,26,3-86,SFO,NFL,6-0,249,33.8,15,15,2.5,58,21,1,7,0,5,0,1,0,0,1,1,0,0,7
585,586,Jonathan Vilma,2009,27,1-12,NOR,NFL,6-1,230,30.3,15,15,2.0,87,23,3,25,0,8,0,0,0,0,0,1,1,0,10
586,587,Bobby Wagner,2015,25,2-47,SEA,NFL,6-0,241,32.7,15,15,0.5,67,47,0,0,0,7,0,3,45,2,2,1,1,0,15
587,588,Nate Webster,2003,26,3-90,TAM,NFL,6-0,230,31.2,15,5,1.0,26,26,0,0,0,0,0,1,0,0,0,1,0,0,4
588,589,Corey Widmer,1999,31,7-180,NYG,NFL,6-3,256,32.0,15,13,3.0,41,21,0,0,0,0,0,0,0,0,0,1,0,0,6
589,590,Vince Williams,2013,24,6-206,PIT,NFL,6-1,247,32.6,15,11,0.0,40,13,0,0,0,0,0,0,0,0,0,1,0,0,5
590,591,Patrick Willis,2010,25,1-11,SFO,NFL,6-1,242,31.9,15,15,6.0,101,27,0,0,0,5,0,0,0,0,2,1,1,1,14
591,592,Al Wilson,2000,23,1-31,DEN,NFL,6-0,240,32.5,15,14,5.0,47,13,3,21,0,0,0,0,0,0,0,1,0,0,7
592,593,Al Wilson,2005,28,1-31,DEN,NFL,6-0,240,32.5,15,15,3.0,61,11,0,0,0,9,0,1,0,0,2,1,1,1,15
593,594,Al Wilson,2006,29,1-31,DEN,NFL,6-0,240,32.5,15,15,1.0,78,23,0,0,0,4,0,0,0,0,1,1,1,0,12
594,595,Will Witherspoon,2002,22,3-73,CAR,NFL,6-1,234,30.9,15,8,1.5,56,15,0,0,0,5,0,1,0,0,1,1,0,0,6
595,596,Wesley Woodyard,2011,25,,DEN,NFL,6-1,219,28.9,15,7,0.0,60,30,0,0,0,2,0,0,0,0,2,1,0,0,4
596,597,Russell Allen,2013,27,,JAX,NFL,6-3,230,28.7,14,13,1.0,46,18,0,0,0,0,0,2,0,0,0,1,0,0,5
597,598,Sam Barrington,2014,24,7-232,GNB,NFL,6-1,246,32.5,14,7,1.0,45,21,0,0,0,2,0,0,0,0,0,1,0,0,4
598,599,Stephen Boyd,1999,27,5-141,DET,NFL,6-0,247,33.5,14,14,0.0,84,44,1,18,0,0,0,0,0,0,1,1,1,0,11
599,600,Gary Brackett,2009,29,,IND,NFL,5-11,235,32.8,14,14,1.0,80,19,1,8,0,5,0,1,0,0,0,1,0,0,7
600,601,Gary Brackett,2006,26,,IND,NFL,5-11,235,32.8,14,14,0.0,85,35,0,0,0,2,0,0,0,0,3,1,0,0,5
601,602,Ricky Brown,2010,27,,OAK,NFL,6-2,235,30.2,14,1,0.0,8,5,0,0,0,1,0,2,0,0,1,1,0,0,2
602,603,Khary Campbell,2006,27,,WAS,NFL,6-3,230,28.7,14,1,0.0,16,5,0,0,0,0,0,1,0,0,2,1,0,0,1
603,604,Bruce Carter,2015,27,2-40,TAM,NFL,6-3,235,29.4,14,3,2.0,25,14,0,0,0,2,0,0,0,0,0,1,0,0,2
604,605,Jamar Chaney,2010,24,7-220,PHI,NFL,6-1,242,31.9,14,2,0.0,27,9,0,0,0,1,0,0,0,0,1,1,0,0,2
605,606,Vinny Ciurciu,2008,28,,MIN,NFL,6-0,235,31.9,14,1,0.0,10,1,0,0,0,1,0,1,0,0,0,1,0,0,2
606,607,Chris Claiborne,2005,27,1-9,STL,NFL,6-3,259,32.4,14,7,0.5,33,5,0,0,0,0,0,0,0,0,1,1,0,0,3
607,608,Phil Clarke,2000,23,,NOR,NFL,6-0,241,32.7,14,4,1.0,15,5,0,0,0,0,0,1,0,0,0,1,0,0,3
608,609,Rich Coady,2002,26,3-68,TEN,NFL,6-1,210,27.7,14,2,0.0,13,6,1,24,1,0,0,0,0,0,0,1,0,0,2
609,610,Kavell Conner,2012,25,7-240,IND,NFL,6-1,225,29.7,14,12,1.0,35,17,0,0,0,4,0,0,0,0,0,1,0,0,5
610,611,Dan Connor,2012,27,3-74,DAL,NFL,6-3,233,29.1,14,8,0.0,29,26,0,0,0,1,0,0,0,0,0,1,0,0,3
611,612,Brian Cushing,2014,27,1-15,HOU,NFL,6-3,243,30.4,14,14,1.0,41,31,0,0,0,2,0,0,0,0,1,1,0,0,7
612,613,James Darling,2005,31,2-57,ARI,NFL,6-1,247,32.6,14,14,1.0,71,17,2,22,0,4,0,0,0,0,0,1,0,0,7
613,614,Andra Davis,2006,28,5-141,CLE,NFL,6-1,255,33.6,14,14,1.0,79,25,2,19,0,3,0,0,0,0,1,1,0,0,7
614,615,Tim Dobbins,2012,30,5-151,HOU,NFL,6-1,245,32.3,14,6,0.0,30,13,1,7,0,4,0,4,32,0,0,1,0,0,5
615,616,Tim Dobbins,2009,27,5-151,SDG,NFL,6-1,245,32.3,14,2,1.0,39,16,1,13,0,1,0,0,0,0,1,1,0,0,3
616,617,Chris Draft,2004,28,6-157,ATL,NFL,5-11,232,32.4,14,13,0.0,41,15,1,33,0,3,0,0,0,0,1,1,0,0,5
617,618,James Farrior,2011,36,1-8,PIT,NFL,6-2,242,31.1,14,14,2.0,54,24,0,0,0,3,0,0,0,0,0,1,0,0,9
618,619,James Farrior,2002,27,1-8,PIT,NFL,6-2,242,31.1,14,14,0.0,60,22,0,0,0,1,0,1,4,0,0,1,0,0,7
619,620,James Farrior,2005,30,1-8,PIT,NFL,6-2,242,31.1,14,14,2.0,74,45,0,0,0,4,0,1,0,0,2,1,0,0,8
620,621,Larry Foote,2009,29,4-128,DET,NFL,6-0,234,31.7,14,14,2.0,70,29,0,0,0,4,0,1,0,0,1,1,0,0,5
621,622,Larry Foote,2002,22,4-128,PIT,NFL,6-0,234,31.7,14,3,0.0,13,7,0,0,0,0,0,1,0,0,0,1,0,0,2
622,623,Ryan Fowler,2007,25,,TEN,NFL,6-3,243,30.4,14,14,0.0,40,14,0,0,0,1,0,0,0,0,0,1,0,0,6
623,624,Omar Gaither,2010,26,5-168,PHI,NFL,6-2,235,30.2,14,2,0.0,32,4,0,0,0,0,0,0,0,0,0,1,0,0,2
624,625,Barry Gardner,2004,28,2-35,CLE,NFL,6-1,245,32.3,14,5,0.0,25,15,1,30,0,2,0,1,0,0,0,1,0,0,3
625,626,Randall Godfrey,2001,28,2-49,TEN,NFL,6-2,245,31.5,14,14,1.0,61,16,1,5,0,3,0,0,0,0,1,1,0,0,6
626,627,Billy Granville,2000,26,,CIN,NFL,6-3,252,31.5,14,0,0.0,2,0,0,0,0,0,0,1,0,0,0,1,0,0,1
627,628,Nick Greisen,2007,28,5-152,BAL,NFL,6-1,245,32.3,14,2,0.0,24,6,0,0,0,0,0,1,0,0,0,1,0,0,2
628,629,Napoleon Harris,2006,27,1-23,MIN,NFL,6-2,255,32.7,14,14,2.5,42,17,3,20,0,4,0,0,0,0,1,1,0,0,8
629,630,Sean Harris,1999,27,3-83,CHI,NFL,6-3,250,31.2,14,10,0.0,56,15,1,0,0,0,0,2,0,1,1,1,0,0,7
630,631,Gerald Hayes,2006,26,3-70,ARI,NFL,6-1,237,31.3,14,14,1.0,79,14,3,24,0,6,0,2,0,0,0,1,0,0,7
631,632,E.J. Henderson,2004,24,2-40,MIN,NFL,6-1,245,32.3,14,14,1.0,65,28,0,0,0,3,0,0,0,0,1,1,0,0,4
632,633,Erin Henderson,2013,27,,MIN,NFL,6-3,242,30.2,14,12,4.0,69,43,2,19,0,3,0,0,0,0,1,1,0,0,5
633,634,David Herron,2008,24,,MIN,NFL,6-1,248,32.7,14,3,0.0,12,2,0,0,0,0,0,0,0,0,0,1,0,0,2
634,635,Gerald Hodges,2015,24,4-120,2TM,NFL,6-1,243,32.1,14,7,0.0,53,15,0,0,0,1,0,0,0,0,0,1,0,0,4
635,636,John Holecek,1999,27,5-144,BUF,NFL,6-2,240,30.8,14,14,1.0,44,19,1,35,0,0,0,0,0,0,2,1,0,0,10
636,637,Derrick Johnson,2008,26,1-15,KAN,NFL,6-3,242,30.2,14,14,1.5,68,17,1,7,0,6,0,0,0,0,4,1,0,0,5
637,638,Steven Johnson,2014,26,,DEN,NFL,6-1,237,31.3,14,7,0.5,27,12,0,0,0,0,0,1,0,0,0,1,0,0,4
638,639,Ted Johnson,2002,30,2-57,NWE,NFL,6-4,253,30.8,14,11,1.5,62,34,0,0,0,0,0,0,0,0,0,1,0,0,5
639,640,Bryan Kehl,2009,25,4-123,NYG,NFL,6-2,234,30.0,14,1,0.0,6,6,0,0,0,0,0,2,0,0,0,1,0,0,1
640,641,Eric Kendricks,2015,23,2-45,MIN,NFL,6-0,230,31.2,14,11,4.0,72,20,0,0,0,1,0,0,0,0,0,1,0,0,6
641,642,Spencer Larsen,2008,24,6-183,DEN,NFL,6-2,235,30.2,14,3,0.0,12,3,0,0,0,0,0,0,0,0,0,1,0,0,0
642,643,Paris Lenon,2013,36,,DEN,NFL,6-2,240,30.8,14,6,0.0,16,6,0,0,0,2,0,0,0,0,0,1,0,0,3
643,644,D.D. Lewis,2008,29,,SEA,NFL,6-1,241,31.8,14,2,0.0,36,9,0,0,0,0,0,0,0,0,0,1,0,0,2
644,645,Ray Lewis,2006,31,1-26,BAL,NFL,6-1,245,32.3,14,14,5.0,80,23,2,27,0,8,0,1,0,0,1,1,1,0,12
645,646,Ray Lewis,2007,32,1-26,BAL,NFL,6-1,245,32.3,14,14,2.0,82,38,2,35,1,10,0,1,0,0,2,1,1,0,9
646,647,Josh Mauga,2015,28,,KAN,NFL,6-1,250,33.0,14,14,1.0,45,12,2,70,0,3,0,0,0,0,0,1,0,0,7
647,648,Joe Mays,2013,28,6-200,HOU,NFL,5-11,245,34.2,14,13,1.0,41,25,0,0,0,3,0,0,0,0,0,1,0,0,5
648,649,Marvin Mitchell,2009,25,7-220,NOR,NFL,6-3,249,31.1,14,2,0.0,23,4,0,0,0,0,0,0,0,0,0,1,0,0,2
649,650,Rob Morris,2001,26,1-28,IND,NFL,6-2,243,31.2,14,14,1.0,84,30,0,0,0,0,0,0,0,0,0,1,0,0,4
650,651,Antwan Peek,2007,28,3-67,CLE,NFL,6-3,237,29.6,14,5,4.0,11,8,0,0,0,4,0,1,0,0,1,1,0,0,3
651,652,Tommy Polley,2003,25,2-42,STL,NFL,6-3,240,30.0,14,14,0.0,57,11,4,32,0,12,0,1,0,0,1,1,0,0,7
652,653,Paul Posluszny,2010,26,2-34,BUF,NFL,6-2,238,30.6,14,14,2.0,103,48,0,0,0,4,0,0,0,0,0,1,0,0,6
653,654,Paul Posluszny,2015,31,2-34,JAX,NFL,6-2,238,30.6,14,14,1.0,103,30,3,25,0,6,1,0,0,0,0,1,0,0,7
654,655,Wali Rainer,2001,24,4-124,CLE,NFL,6-2,240,30.8,14,13,1.0,53,29,0,0,0,4,0,1,0,0,3,1,0,0,7
655,656,Saleem Rasheed,2004,23,3-69,SFO,NFL,6-2,229,29.4,14,2,0.0,19,6,0,0,0,2,0,1,0,0,1,1,0,0,2
656,657,Orlando Ruff,2004,28,,NOR,NFL,6-3,250,31.2,14,8,0.0,58,21,1,0,0,3,0,0,0,0,0,1,0,0,4
657,658,Johnny Rutledge,2001,24,2-51,ARI,NFL,6-3,239,29.9,14,0,0.0,7,1,0,0,0,0,0,0,0,0,0,1,0,0,1
658,659,Mark Simoneau,2004,27,3-67,PHI,NFL,6-0,245,33.2,14,13,1.5,33,15,0,0,0,1,0,1,7,0,1,1,0,0,6
659,660,Mark Simoneau,2000,23,3-67,ATL,NFL,6-0,245,33.2,14,4,0.5,37,10,0,0,0,0,0,0,0,0,0,1,0,0,3
660,661,Darrin Smith,2003,33,2-54,NOR,NFL,6-1,236,31.1,14,10,1.0,44,16,1,9,0,3,0,0,0,0,0,1,0,0,5
661,662,Daryl Smith,2008,26,2-39,JAX,NFL,6-2,235,30.2,14,14,2.5,59,10,0,0,0,3,0,0,0,0,1,1,0,0,6
662,663,Derek Smith,2004,29,3-80,SFO,NFL,6-2,245,31.5,14,14,1.5,80,30,0,0,0,3,0,2,46,1,0,1,0,0,6
663,664,Derek Smith,2001,26,3-80,SFO,NFL,6-2,245,31.5,14,14,3.0,78,30,1,0,0,3,0,2,3,0,0,1,0,0,8
664,665,Brandon Spoon,2001,23,4-110,BUF,NFL,6-2,242,31.1,14,14,0.0,45,20,2,51,2,2,0,0,0,0,0,1,0,0,5
665,666,Robert Thomas,2004,24,1-31,STL,NFL,6-1,237,31.3,14,11,0.0,41,15,0,0,0,1,0,0,0,0,0,1,0,0,4
666,667,Zach Thomas,2005,32,5-154,MIA,NFL,5-11,230,32.1,14,14,2.0,104,54,1,0,0,3,0,1,0,0,4,1,1,0,12
667,668,Lawrence Timmons,2009,23,1-15,PIT,NFL,6-1,234,30.9,14,13,7.0,56,22,0,0,0,4,0,0,0,0,4,1,0,0,7
668,669,Winfred Tubbs,2000,30,3-79,SFO,NFL,6-4,250,30.4,14,14,2.0,56,26,1,11,0,0,0,1,0,0,0,1,0,0,5
669,670,Jessie Tuggle,1999,34,,ATL,NFL,5-11,230,32.1,14,14,3.5,72,19,0,0,0,0,0,0,0,0,0,1,0,0,7
670,671,Jeff Ulbrich,2002,25,3-86,SFO,NFL,6-0,249,33.8,14,13,1.5,46,23,0,0,0,0,0,0,0,0,1,1,0,0,5
671,672,Jeff Ulbrich,2001,24,3-86,SFO,NFL,6-0,249,33.8,14,14,0.5,63,24,0,0,0,1,0,0,0,0,2,1,0,0,7
672,673,Bobby Wagner,2013,23,2-47,SEA,NFL,6-0,241,32.7,14,14,5.0,89,65,2,9,0,7,0,1,0,0,0,1,0,0,10
673,674,Jamie Winborn,2001,22,2-47,SFO,NFL,5-11,242,33.7,14,4,0.5,40,14,2,40,0,3,0,1,17,0,0,1,0,0,4
674,675,Jamie Winborn,2004,25,2-47,SFO,NFL,5-11,242,33.7,14,10,4.5,52,9,1,1,0,8,0,2,10,0,2,1,0,0,5
675,676,Will Witherspoon,2012,32,3-73,TEN,NFL,6-1,234,30.9,14,5,1.0,29,18,1,40,1,2,0,0,0,0,1,1,0,0,3
676,677,Wesley Woodyard,2013,27,,DEN,NFL,6-1,219,28.9,14,10,1.5,52,39,1,0,0,4,0,0,0,0,2,1,0,0,5
677,678,Kevin Bentley,2010,31,4-101,HOU,NFL,6-1,245,32.3,13,8,0.0,35,20,1,18,0,1,0,1,8,0,0,1,0,0,3
678,679,Desmond Bishop,2011,27,6-193,GNB,NFL,6-2,241,30.9,13,13,5.0,90,25,0,0,0,2,0,0,0,0,2,1,0,0,7
679,680,Rocky Calmus,2002,23,3-77,TEN,NFL,6-3,238,29.7,13,1,0.0,11,7,0,0,0,0,0,0,0,0,0,1,0,0,1
680,681,Jonathan Casillas,2011,24,,NOR,NFL,6-0,225,30.5,13,5,3.0,30,13,0,0,0,2,0,0,0,0,0,1,0,0,3
681,682,Barry Church,2011,23,,DAL,NFL,6-1,222,29.3,13,1,0.0,16,7,0,0,0,0,0,0,0,0,0,1,0,0,1
682,683,Audie Cole,2013,24,7-210,MIN,NFL,6-4,246,29.9,13,5,1.0,27,18,0,0,0,1,0,0,0,0,0,1,0,0,2
683,684,Tom Compton,2015,26,6-193,WAS,NFL,6-5,314,37.2,13,2,0.0,0,0,0,0,0,0,0,0,0,0,0,1,0,0,2
684,685,Donte Curry,2005,27,,DET,NFL,6-1,233,30.7,13,2,0.0,28,10,0,0,0,0,0,0,0,0,0,1,0,0,2
685,686,Trev Faulk,2004,23,,STL,NFL,6-3,254,31.7,13,2,0.0,29,10,0,0,0,0,0,0,0,0,0,1,0,0,2
686,687,Mason Foster,2015,26,3-84,WAS,NFL,6-1,241,31.8,13,5,0.0,24,10,0,0,0,0,0,1,0,0,1,1,0,0,3
687,688,Randall Godfrey,2006,33,2-49,SDG,NFL,6-2,245,31.5,13,13,4.0,41,16,0,0,0,2,0,0,0,0,2,1,0,0,5
688,689,Gary Guyton,2011,26,,NWE,NFL,6-2,245,31.5,13,6,0.0,26,21,1,17,0,1,0,0,0,0,0,1,0,0,3
689,690,Bernardo Harris,2002,31,,BAL,NFL,6-2,247,31.7,13,10,2.0,52,12,2,11,0,0,0,0,0,0,0,1,0,0,6
690,691,Ramon Humber,2011,24,,NOR,NFL,5-11,232,32.4,13,3,1.0,15,6,0,0,0,1,0,0,0,0,0,1,0,0,2
691,692,Riall Johnson,2003,25,6-168,CIN,NFL,6-3,243,30.4,13,1,0.0,14,7,0,0,0,0,0,0,0,0,0,1,0,0,1
692,693,Ted Johnson,2000,28,2-57,NWE,NFL,6-4,253,30.8,13,11,0.5,51,22,0,0,0,0,0,3,0,0,0,1,0,0,6
693,694,Brad Jones,2014,28,7-218,GNB,NFL,6-3,230,28.7,13,1,0.0,16,7,0,0,0,1,0,0,0,0,1,1,0,0,1
694,695,Ross Kolodziej,2004,26,7-230,ARI,NFL,6-3,295,36.9,13,4,1.0,7,0,0,0,0,0,0,0,0,0,0,1,0,0,3
695,696,Luke Kuechly,2015,24,1-9,CAR,NFL,6-3,242,30.2,13,13,1.0,76,42,4,48,1,10,0,1,0,0,2,1,1,1,15
696,697,Rey Maualuga,2011,24,2-38,CIN,NFL,6-1,254,33.5,13,13,0.0,54,37,1,2,0,2,0,1,0,0,3,1,0,0,7
697,698,Rey Maualuga,2013,26,2-38,CIN,NFL,6-1,254,33.5,13,13,1.0,64,26,1,14,0,2,0,0,0,0,0,1,0,0,8
698,699,Jerod Mayo,2009,23,1-10,NWE,NFL,6-2,230,29.5,13,12,1.5,70,33,0,0,0,0,0,0,0,0,1,1,0,0,7
699,700,Colin McCarthy,2011,22,4-109,TEN,NFL,6-4,235,28.6,13,7,0.0,54,14,1,0,0,3,0,2,0,0,2,1,0,0,5
700,701,Jameel McClain,2012,27,,BAL,NFL,6-1,245,32.3,13,13,0.0,56,22,0,0,0,3,0,1,0,0,0,1,0,0,7
701,702,Rolando McClain,2014,25,1-8,DAL,NFL,6-3,254,31.7,13,12,1.0,67,20,2,0,0,3,0,0,0,0,1,1,0,0,6
702,703,Caleb Miller,2004,24,3-80,CIN,NFL,6-3,225,28.1,13,3,0.0,22,13,0,0,0,0,0,1,0,0,0,1,0,0,3
703,704,Kevin Mitchell,2001,30,2-53,WAS,NFL,6-1,258,34.0,13,13,2.0,68,13,0,0,0,0,0,0,0,0,1,1,0,0,6
704,705,Dan Morgan,2005,27,1-11,CAR,NFL,6-2,245,31.5,13,13,3.0,58,17,0,0,0,2,0,1,0,0,1,1,0,0,8
705,706,Roman Phifer,2004,36,2-31,NWE,NFL,6-2,248,31.8,13,1,1.5,30,10,1,26,0,2,0,1,0,0,0,1,0,0,2
706,707,Antonio Pierce,2005,27,,NYG,NFL,6-1,240,31.7,13,13,2.5,79,20,2,41,0,11,0,2,12,1,1,1,0,0,8
707,708,Keenan Robinson,2014,25,4-119,WAS,NFL,6-3,240,30.0,13,13,1.5,71,33,1,0,0,3,0,1,0,0,0,1,0,0,7
708,709,Adrian Ross,2000,25,,CIN,NFL,6-2,245,31.5,13,4,1.0,31,2,0,0,0,0,0,0,0,0,0,1,0,0,2
709,710,Khari Samuel,1999,23,5-144,CHI,NFL,6-3,240,30.0,13,1,0.0,9,6,0,0,0,0,0,1,0,0,0,1,0,0,0
710,711,Anthony Schlegel,2007,26,3-76,CIN,NFL,6-1,245,32.3,13,5,0.0,18,15,0,0,0,0,0,0,0,0,0,1,0,0,2
711,712,Anthony Simmons,2003,27,1-15,SEA,NFL,6-0,240,32.5,13,13,3.0,79,20,3,38,0,8,0,1,4,0,1,1,0,0,7
712,713,Derek Smith,2006,31,3-80,SFO,NFL,6-2,245,31.5,13,12,0.0,51,19,0,0,0,0,0,0,0,0,1,1,0,0,4
713,714,Markus Steele,2002,23,4-122,DAL,NFL,6-3,240,30.0,13,1,0.0,26,6,0,0,0,0,0,0,0,0,0,1,0,0,2
714,715,Zach Thomas,2004,31,5-154,MIA,NFL,5-11,230,32.1,13,13,2.0,85,60,0,0,0,4,0,0,0,0,0,1,0,0,8
715,716,Jeremiah Trotter,2009,32,3-72,PHI,NFL,6-1,262,34.6,13,7,0.0,29,3,0,0,0,0,0,0,0,0,0,1,0,0,3
716,717,Uani Unga,2015,28,,NYG,NFL,6-1,231,30.5,13,3,0.0,42,17,2,1,0,4,0,0,0,0,2,1,0,0,3
717,718,Nate Webster,2008,31,3-90,DEN,NFL,6-0,230,31.2,13,13,2.0,50,26,0,0,0,3,0,1,34,1,1,1,0,0,4
718,719,K.J. Wright,2013,24,4-99,SEA,NFL,6-3,246,30.7,13,13,1.5,46,34,0,0,0,4,0,1,0,0,0,1,0,0,8
719,720,Kwon Alexander,2015,21,4-124,TAM,NFL,6-2,227,29.1,12,12,3.0,59,34,2,15,0,9,0,1,20,0,2,1,0,0,5
720,721,Kendrell Bell,2002,24,2-39,PIT,NFL,6-1,254,33.5,12,12,4.0,37,13,0,0,0,2,0,1,0,0,0,1,0,0,6
721,722,Brant Boyer,2000,29,6-177,JAX,NFL,6-1,240,31.7,12,5,3.5,19,4,1,12,0,0,0,0,0,0,0,1,0,0,3
722,723,Gary Brackett,2008,28,,IND,NFL,5-11,235,32.8,12,12,0.0,71,28,0,0,0,1,0,1,68,1,1,1,0,0,6
723,724,Gary Brackett,2010,30,,IND,NFL,5-11,235,32.8,12,12,0.5,52,22,0,0,0,3,0,0,0,0,0,1,0,0,5
724,725,Stewart Bradley,2010,27,3-87,PHI,NFL,6-4,254,30.9,12,12,1.0,49,11,1,0,0,7,0,0,0,0,0,1,0,0,5
725,726,Glenn Cadrez,2002,32,6-154,KAN,NFL,6-3,240,30.0,12,1,0.0,11,1,0,0,0,0,0,0,0,0,0,1,0,0,1
726,727,Bryan Cox,1999,31,5-113,NYJ,NFL,6-4,250,30.4,12,11,0.0,32,13,1,27,1,0,0,1,0,0,2,1,0,0,7
727,728,Brian Cushing,2010,23,1-15,HOU,NFL,6-3,243,30.4,12,12,1.5,53,23,0,0,0,4,0,0,0,0,1,1,0,0,4
728,729,Karlos Dansby,2014,33,2-33,CLE,NFL,6-4,243,29.6,12,12,3.0,47,46,1,0,0,2,0,0,0,0,0,1,0,0,7
729,730,Chris Draft,2008,32,6-157,STL,NFL,5-11,232,32.4,12,9,0.0,33,5,0,0,0,1,0,0,0,0,0,1,0,0,3
730,731,Moise Fokou,2013,28,7-230,TEN,NFL,6-1,228,30.1,12,12,1.0,61,16,0,0,0,0,0,1,0,0,2,1,0,0,6
731,732,E.J. Henderson,2009,29,2-40,MIN,NFL,6-1,245,32.3,12,12,2.0,63,20,0,0,0,1,0,1,6,0,0,1,0,0,6
732,733,Landon Johnson,2010,29,3-96,DET,NFL,6-2,227,29.1,12,8,0.0,40,8,0,0,0,0,0,1,0,0,2,1,0,0,4
733,734,Ted Johnson,2001,29,2-57,NWE,NFL,6-4,253,30.8,12,5,0.0,32,13,0,0,0,4,0,1,0,0,1,1,0,0,4
734,735,Brad Jones,2013,27,7-218,GNB,NFL,6-3,230,28.7,12,12,3.0,60,24,0,0,0,0,0,1,3,0,1,1,0,0,6
735,736,Akeem Jordan,2009,24,,PHI,NFL,6-1,226,29.8,12,10,1.0,60,11,2,14,0,6,0,0,0,0,0,1,0,0,5
736,737,Jeff Kelly,2000,25,6-198,ATL,NFL,5-11,242,33.7,12,6,0.0,18,7,0,0,0,0,0,0,0,0,0,1,0,0,3
737,738,Ray Lewis,2011,36,1-26,BAL,NFL,6-1,245,32.3,12,12,2.0,72,23,1,4,0,7,0,0,0,0,2,1,1,0,9
738,739,Torrance Marshall,2003,26,3-72,GNB,NFL,6-2,255,32.7,12,1,1.0,22,5,0,0,0,1,0,1,0,0,0,1,0,0,2
739,740,Rey Maualuga,2014,27,2-38,CIN,NFL,6-1,254,33.5,12,12,0.0,35,26,1,4,0,5,0,0,0,0,0,1,0,0,6
740,741,Kawika Mitchell,2003,24,2-47,KAN,NFL,6-1,253,33.4,12,6,0.0,17,4,1,3,0,1,0,0,0,0,0,1,0,0,3
741,742,Lance Mitchell,2005,24,5-168,ARI,NFL,6-2,247,31.7,12,0,0.0,7,1,0,0,0,0,0,0,0,0,0,1,0,0,1
742,743,Dan Morgan,2004,26,1-11,CAR,NFL,6-2,245,31.5,12,12,2.0,78,23,2,20,0,6,0,2,0,0,1,1,1,0,8
743,744,Paul Posluszny,2009,25,2-34,BUF,NFL,6-2,238,30.6,12,12,1.0,88,23,3,20,0,4,0,0,0,0,3,1,0,0,7
744,745,Shelton Quarles,2006,35,,TAM,NFL,6-1,225,29.7,12,12,2.5,66,38,0,0,0,2,0,0,0,0,3,1,0,0,6
745,746,Keenan Robinson,2015,26,4-119,WAS,NFL,6-3,240,30.0,12,8,0.0,35,27,1,44,0,3,0,1,0,0,0,1,0,0,5
746,747,Barrett Ruud,2012,29,2-36,2TM,NFL,6-1,242,31.9,12,1,1.0,12,4,0,0,0,2,0,0,0,0,0,1,0,0,1
747,748,Darryl Sharpton,2010,22,4-102,HOU,NFL,6-0,229,31.1,12,6,1.0,13,11,0,0,0,0,0,0,0,0,0,1,0,0,2
748,749,Ryan Shazier,2015,23,1-15,PIT,NFL,6-1,237,31.3,12,12,3.5,55,32,1,0,0,4,0,1,0,0,2,1,0,0,7
749,750,Ernie Sims,2013,29,1-9,DAL,NFL,6-0,225,30.5,12,6,0.0,31,11,0,0,0,0,0,0,0,0,1,1,0,0,2
750,751,Pat Thomas,2008,25,6-194,KAN,NFL,6-2,243,31.2,12,9,0.5,33,15,0,0,0,2,0,0,0,0,0,1,0,0,3
751,752,Robert Thomas,2003,23,1-31,STL,NFL,6-1,237,31.3,12,9,2.0,62,9,0,0,0,4,0,1,0,0,0,1,0,0,5
752,753,Jordan Tripp,2015,24,5-171,JAX,NFL,6-3,234,29.2,12,1,0.0,5,2,0,0,0,0,0,0,0,0,0,1,0,0,1
753,754,Jeremiah Trotter,2002,25,3-72,WAS,NFL,6-1,262,34.6,12,12,0.0,59,32,1,2,0,4,0,0,0,0,0,1,0,0,6
754,755,Joe Tuipala,2001,25,,JAX,NFL,6-1,244,32.2,12,0,0.0,14,6,0,0,0,0,0,0,0,0,0,1,0,0,1
755,756,Artie Ulmer,2000,27,7-220,SFO,NFL,6-3,247,30.9,12,2,1.0,6,6,0,0,0,0,0,0,0,0,0,1,0,0,1
756,757,Brian Urlacher,2012,34,1-9,CHI,NFL,6-4,258,31.4,12,12,0.0,53,15,1,46,1,7,0,2,4,0,2,1,0,0,8
757,758,Marcus Washington,2007,30,2-59,WAS,NFL,6-3,247,30.9,12,11,5.0,32,16,0,0,0,0,0,0,0,0,1,1,0,0,6
758,759,Courtney Watson,2004,24,2-60,NOR,NFL,6-1,246,32.5,12,8,2.0,40,17,0,0,0,3,0,0,0,0,0,1,0,0,4
759,760,D.J. Williams,2014,32,1-17,CHI,NFL,6-2,247,31.7,12,10,0.0,30,16,0,0,0,0,0,0,0,0,0,1,0,0,3
760,761,Xavier Adibi,2010,26,4-118,HOU,NFL,6-2,220,28.2,11,3,0.0,14,6,0,0,0,0,0,0,0,0,1,1,0,0,1
761,762,Pat Angerer,2013,26,2-63,IND,NFL,6-0,232,31.5,11,9,0.5,37,26,1,4,0,2,0,0,0,0,0,1,0,0,4
762,763,Pat Angerer,2012,25,2-63,IND,NFL,6-0,232,31.5,11,3,0.0,21,7,0,0,0,1,0,0,0,0,1,1,0,0,2
763,764,Jovan Belcher,2012,25,,KAN,NFL,6-2,228,29.3,11,10,0.0,33,5,0,0,0,1,0,0,0,0,0,1,0,0,4
764,765,Rocky Boiman,2008,28,4-133,KAN,NFL,6-4,236,28.7,11,9,0.0,56,17,0,0,0,3,0,0,0,0,2,1,0,0,4
765,766,Ahmad Brooks,2006,22,,CIN,NFL,6-4,255,31.0,11,5,1.0,21,10,0,0,0,2,0,0,0,0,0,1,0,0,3
766,767,Tedy Bruschi,2002,29,3-86,NWE,NFL,6-1,247,32.6,11,9,4.5,46,20,2,75,2,7,0,0,0,0,1,1,0,0,5
767,768,Bruce Carter,2012,24,2-40,DAL,NFL,6-3,235,29.4,11,11,0.0,51,19,0,0,0,2,0,0,0,0,0,1,0,0,4
768,769,Bryan Cox,2001,33,5-113,NWE,NFL,6-4,250,30.4,11,7,0.0,34,15,0,0,0,1,0,1,9,0,0,1,0,0,4
769,770,Channing Crowder,2010,27,3-70,MIA,NFL,6-2,247,31.7,11,11,0.0,33,6,0,0,0,2,0,0,0,0,0,1,0,0,5
770,771,Andra Davis,2004,26,5-141,CLE,NFL,6-1,255,33.6,11,11,0.5,53,18,3,35,0,6,0,1,0,0,0,1,0,0,6
771,772,John Fiala,2002,29,6-166,PIT,NFL,6-2,237,30.4,11,1,0.0,10,4,0,0,0,0,0,1,0,0,0,1,0,0,1
772,773,Ruffin Hamilton,1999,28,6-175,ATL,NFL,6-1,235,31.0,11,1,0.0,5,1,0,0,0,0,0,0,0,0,0,1,0,0,0
773,774,Mark Herzlich,2011,24,,NYG,NFL,6-4,250,30.4,11,2,0.0,8,4,0,0,0,0,0,0,0,0,0,1,0,0,1
774,775,Earl Holmes,2005,32,4-126,DET,NFL,6-2,242,31.1,11,10,0.0,49,24,0,0,0,1,0,0,0,0,2,1,0,0,5
775,776,Orlando Huff,2003,25,4-104,SEA,NFL,6-2,250,32.1,11,2,1.0,20,4,0,0,0,0,0,1,0,1,0,1,0,0,2
776,777,Nico Johnson,2014,24,4-99,2TM,NFL,6-2,248,31.8,11,2,0.0,8,8,0,0,0,0,0,1,0,0,0,1,0,0,2
777,778,Steven Johnson,2012,24,,DEN,NFL,6-1,237,31.3,11,0,0.0,0,0,0,0,0,0,0,0,0,0,1,1,0,0,1
778,779,Jamari Lattimore,2014,26,,GNB,NFL,6-2,232,29.8,11,5,0.0,22,15,1,10,0,1,0,0,0,0,0,1,0,0,3
779,780,Sean Lee,2013,27,2-55,DAL,NFL,6-2,234,30.0,11,11,0.0,68,31,4,174,1,6,0,1,10,0,0,1,0,0,5
780,781,DeAndre Levy,2010,23,3-76,DET,NFL,6-2,230,29.5,11,11,0.0,50,22,2,41,1,4,0,2,0,0,0,1,0,0,6
781,782,Jim Maxwell,2005,24,,SFO,NFL,6-4,242,29.5,11,1,0.0,15,2,0,0,0,0,0,1,0,0,0,1,0,0,1
782,783,Joe Mays,2009,24,6-200,PHI,NFL,5-11,245,34.2,11,1,0.0,4,1,0,0,0,0,0,0,0,0,1,1,0,0,1
783,784,Rolando McClain,2012,23,1-8,OAK,NFL,6-3,254,31.7,11,9,1.0,37,23,0,0,0,0,0,0,0,0,1,1,0,0,4
784,785,Rolando McClain,2015,26,1-8,DAL,NFL,6-3,254,31.7,11,11,2.0,50,30,1,12,1,3,0,0,0,0,0,1,0,0,6
785,786,Dan Morgan,2003,25,1-11,CAR,NFL,6-2,245,31.5,11,11,0.0,46,20,0,0,0,1,0,2,0,0,0,1,0,0,6
786,787,Shelton Quarles,2003,32,,TAM,NFL,6-1,225,29.7,11,11,0.0,57,23,0,0,0,0,0,2,0,0,0,1,0,0,7
787,788,Johnny Rutledge,2000,23,2-51,ARI,NFL,6-3,239,29.9,11,3,0.0,16,7,0,0,0,0,0,1,0,0,1,1,0,0,1
788,789,Junior Seau*,2006,37,1-5,NWE,NFL,6-3,250,31.2,11,10,1.0,39,30,0,0,0,1,0,0,0,0,0,1,0,0,6
789,790,Terrance Shaw,2000,27,2-34,MIA,NFL,6-0,200,27.1,11,3,0.0,15,3,1,0,0,0,0,0,0,0,0,1,0,0,2
790,791,Brian Simmons,2006,31,1-17,CIN,NFL,6-3,244,30.5,11,8,0.0,33,27,2,5,0,5,0,1,0,0,1,1,0,0,4
791,792,Zach Thomas,2000,27,5-154,MIA,NFL,5-11,230,32.1,11,11,1.5,58,41,1,0,0,0,0,1,0,0,0,1,1,0,9
792,793,Raynoch Thompson,2004,27,2-41,ARI,NFL,6-3,224,28.0,11,3,1.0,21,13,0,0,0,2,0,0,0,0,0,1,0,0,2
793,794,Jonathan Vilma,2011,29,1-12,NOR,NFL,6-1,230,30.3,11,11,0.0,36,18,0,0,0,3,0,4,0,1,1,1,0,0,6
794,795,Bobby Wagner,2014,24,2-47,SEA,NFL,6-0,241,32.7,11,11,2.0,83,52,0,0,0,4,0,0,0,0,0,1,1,1,14
795,796,Ramik Wilson,2015,23,4-118,KAN,NFL,6-2,237,30.4,11,2,0.0,13,7,0,0,0,0,0,1,0,1,0,1,0,0,2
796,797,Kenyatta Wright,2001,23,,BUF,NFL,6-0,240,32.5,11,1,1.5,27,8,0,0,0,1,0,1,0,0,1,1,0,0,1
797,798,James Anderson,2007,24,3-88,CAR,NFL,6-3,220,27.5,10,1,0.0,14,3,0,0,0,0,0,0,0,0,0,1,0,0,1
798,799,Josh Bynes,2012,23,,BAL,NFL,6-1,239,31.5,10,3,0.0,18,13,0,0,0,2,0,0,0,0,0,1,0,0,2
799,800,Rocky Calmus,2003,24,3-77,TEN,NFL,6-3,238,29.7,10,8,1.0,37,10,2,26,0,2,0,0,0,0,0,1,0,0,4
800,801,Justin Durant,2013,28,2-48,DAL,NFL,6-4,230,28.0,10,6,0.0,14,10,0,0,0,1,0,1,5,0,1,1,0,0,2
801,802,Mason Foster,2014,25,3-84,TAM,NFL,6-1,241,31.8,10,10,0.0,40,22,0,0,0,3,0,0,0,0,0,1,0,0,4
802,803,Omar Gaither,2011,27,5-168,CAR,NFL,6-2,235,30.2,10,4,1.0,24,7,0,0,0,1,0,0,0,0,0,1,0,0,2
803,804,Napoleon Harris,2008,29,1-23,MIN,NFL,6-2,255,32.7,10,5,1.0,24,8,0,0,0,0,0,1,27,1,0,1,0,0,4
804,805,Mike Maslowski,2003,29,,KAN,NFL,6-1,243,32.1,10,10,0.0,45,14,0,0,0,4,0,1,0,0,1,1,0,0,4
805,806,Jameel McClain,2013,28,,BAL,NFL,6-1,245,32.3,10,10,0.0,29,23,0,0,0,0,0,0,0,0,1,1,0,0,5
806,807,Dat Nguyen,2000,25,3-85,DAL,NFL,5-11,238,33.2,10,5,0.0,42,6,2,31,0,0,0,1,0,0,0,1,0,0,3
807,808,Mike Peterson,2007,31,2-36,JAX,NFL,6-1,230,30.3,10,10,2.0,60,10,1,12,0,3,0,1,0,0,0,1,0,0,6
808,809,Ernie Sims,2012,28,1-9,DAL,NFL,6-0,225,30.5,10,6,1.0,27,17,0,0,0,1,0,0,0,0,0,1,0,0,3
809,810,Nick Barnett,2008,27,1-29,GNB,NFL,6-2,240,30.8,9,9,0.0,41,8,0,0,0,2,0,0,0,0,1,1,0,0,4
810,811,Sam Cowart,2004,29,2-39,NYJ,NFL,6-2,245,31.5,9,2,0.0,20,5,0,0,0,0,0,0,0,0,1,1,0,0,2
811,812,Bryan Cox,2002,34,5-113,NOR,NFL,6-4,250,30.4,9,1,0.0,3,1,0,0,0,0,0,0,0,0,0,1,0,0,1
812,813,Dannell Ellerbe,2011,26,,BAL,NFL,6-1,236,31.1,9,3,0.0,14,6,0,0,0,0,0,0,0,0,0,1,0,0,2
813,814,DeVonte Holloman,2013,22,6-185,DAL,NFL,6-2,243,31.2,9,2,2.0,14,12,0,0,0,0,0,1,0,0,0,1,0,0,1
814,815,Isaiah Kacyvenski,2002,25,4-119,SEA,NFL,6-1,252,33.2,9,9,0.0,51,20,1,27,0,0,0,0,0,0,0,1,0,0,4
815,816,Antonio Pierce,2009,31,,NYG,NFL,6-1,240,31.7,9,9,1.0,40,15,0,0,0,3,0,1,3,0,1,1,0,0,3
816,817,Perry Riley,2015,27,4-103,WAS,NFL,6-1,238,31.4,9,9,0.0,24,20,2,7,0,3,0,0,0,0,0,1,0,0,5
817,818,Johnny Rutledge,2002,25,2-51,ARI,NFL,6-3,239,29.9,9,0,0.0,1,0,0,0,0,0,0,0,0,0,0,1,0,0,0
818,819,Barrett Ruud,2011,28,2-36,TEN,NFL,6-1,242,31.9,9,9,0.0,40,17,1,4,0,3,0,0,0,0,0,1,0,0,5
819,820,Ryan Shazier,2014,22,1-15,PIT,NFL,6-1,237,31.3,9,5,0.0,27,13,0,0,0,1,0,0,0,0,0,1,0,0,2
820,821,Lito Sheppard,2011,30,1-26,OAK,NFL,5-10,194,27.8,9,7,1.0,40,3,0,0,0,4,0,0,0,0,0,1,0,0,2
821,822,T.J. Slaughter,2001,24,3-92,JAX,NFL,6-0,234,31.7,9,8,1.0,41,13,0,0,0,1,0,0,0,0,2,1,0,0,7
822,823,Brian Urlacher,2004,26,1-9,CHI,NFL,6-4,258,31.4,9,9,5.5,52,18,1,42,0,7,0,0,0,0,2,1,0,0,6
823,824,Courtney Watson,2005,25,2-60,NOR,NFL,6-1,246,32.5,9,6,1.0,28,9,0,0,0,1,0,0,0,0,0,1,0,0,3
824,825,Eric Barton,2009,32,5-146,CLE,NFL,6-2,245,31.5,8,8,0.0,36,22,0,0,0,2,0,1,0,0,0,1,0,0,4
825,826,Monty Beisel,2006,28,4-107,ARI,NFL,6-3,254,31.7,8,2,0.0,14,2,1,11,0,1,0,0,0,0,0,1,0,0,1
826,827,Phil Clarke,1999,22,,NOR,NFL,6-0,241,32.7,8,3,0.0,18,5,0,0,0,0,0,0,0,0,0,1,0,0,0
827,828,Dan Connor,2010,25,3-74,CAR,NFL,6-3,233,29.1,8,8,1.0,33,14,0,0,0,1,0,0,0,0,0,1,0,0,3
828,829,James Davis,2003,24,5-144,DET,NFL,6-1,240,31.7,8,1,0.0,8,0,0,0,0,2,0,0,0,0,0,1,0,0,1
829,830,Omar Gaither,2013,29,5-168,ATL,NFL,6-2,235,30.2,8,1,0.0,3,5,0,0,0,0,0,0,0,0,0,1,0,0,1
830,831,Randall Godfrey,2002,29,2-49,TEN,NFL,6-2,245,31.5,8,5,1.0,25,7,0,0,0,1,0,0,0,0,0,1,0,0,3
831,832,Ed Hartwell,2006,28,4-126,ATL,NFL,6-1,250,33.0,8,6,1.0,30,10,0,0,0,0,0,0,0,0,1,1,0,0,3
832,833,Abdul Hodge,2006,24,3-67,GNB,NFL,6-0,235,31.9,8,1,0.0,8,2,0,0,0,2,0,1,29,1,0,1,0,0,1
833,834,Nate Irving,2014,26,3-67,DEN,NFL,6-1,242,31.9,8,8,1.0,26,20,0,0,0,0,0,0,0,0,0,1,0,0,4
834,835,Andy Katzenmoyer,2000,23,1-28,NWE,NFL,6-3,255,31.9,8,3,0.0,14,8,0,0,0,0,0,0,0,0,0,1,0,0,2
835,836,Joe Mays,2014,29,6-200,KAN,NFL,5-11,245,34.2,8,3,0.0,16,4,0,0,0,0,0,1,0,0,0,1,0,0,2
836,837,Dan Morgan,2002,24,1-11,CAR,NFL,6-2,245,31.5,8,8,1.0,38,15,2,26,0,4,0,0,0,0,1,1,0,0,5
837,838,Dat Nguyen,2002,27,3-85,DAL,NFL,5-11,238,33.2,8,8,1.0,42,10,0,0,0,0,0,0,0,0,0,1,0,0,5
838,839,Bryan Schwartz,1999,28,2-64,JAX,NFL,6-4,253,30.8,8,0,0.0,2,0,0,0,0,0,0,0,0,0,1,1,0,0,0
839,840,Mike Smith,2006,25,7-234,BAL,NFL,6-2,238,30.6,8,1,0.0,2,1,0,0,0,0,0,0,0,0,0,1,0,0,1
840,841,Jeff Tarpinian,2013,26,,2TM,NFL,6-3,238,29.7,8,3,0.5,16,8,0,0,0,1,0,0,0,0,0,1,0,0,2
841,842,Corey Terry,1999,23,7-250,JAX,NFL,6-3,246,30.7,8,0,0.0,0,0,0,0,0,0,0,0,0,0,0,1,0,0,0
842,843,Jessie Tuggle,2000,35,,ATL,NFL,5-11,230,32.1,8,7,0.0,26,7,0,0,0,0,0,0,0,0,0,1,0,0,3
843,844,David Vobora,2008,22,7-252,STL,NFL,6-1,236,31.1,8,1,0.0,5,5,0,0,0,0,0,0,0,0,0,1,0,0,1
844,845,Audie Cole,2015,26,7-210,MIN,NFL,6-4,246,29.9,7,1,0.0,2,0,0,0,0,0,0,1,0,0,0,1,0,0,1
845,846,Brian Cushing,2013,26,1-15,HOU,NFL,6-3,243,30.4,7,7,1.5,36,12,1,18,1,2,0,0,0,0,1,1,0,0,4
846,847,Omar Gaither,2012,28,5-168,OAK,NFL,6-2,235,30.2,7,4,0.0,9,5,0,0,0,0,0,0,0,0,0,1,0,0,2
847,848,Lenoy Jones,2001,27,,CLE,NFL,6-1,228,30.1,7,1,0.0,10,6,0,0,0,0,0,0,0,0,0,1,0,0,1
848,849,Mike Labinjo,2005,25,,2TM,NFL,6-0,241,32.7,7,1,0.5,6,1,0,0,0,0,0,0,0,0,0,1,0,0,1
849,850,Colin McCarthy,2012,23,4-109,TEN,NFL,6-4,235,28.6,7,7,0.0,25,13,1,49,1,1,0,0,0,0,0,1,0,0,3
850,851,Paul Posluszny,2014,30,2-34,JAX,NFL,6-2,238,30.6,7,7,2.0,47,22,0,0,0,1,0,1,10,0,0,1,0,0,4
851,852,Armegis Spearman,2002,24,,CIN,NFL,6-2,251,32.2,7,0,0.0,2,0,0,0,0,0,0,0,0,0,0,1,0,0,0
852,853,Jonathan Vilma,2007,25,1-12,NYJ,NFL,6-1,230,30.3,7,7,0.0,32,11,1,1,0,3,0,0,0,0,1,1,0,0,3
853,854,Sean Weatherspoon,2013,26,1-19,ATL,NFL,6-1,241,31.8,7,7,0.0,26,12,1,71,1,2,0,0,0,0,0,1,0,0,3
854,855,Thomas Williams,2011,27,5-155,CAR,NFL,6-2,244,31.3,7,2,0.0,11,2,0,0,0,2,0,0,0,0,0,1,0,0,1
855,856,Kion Wilson,2013,27,,PIT,NFL,6-0,232,31.5,7,2,0.0,8,4,0,0,0,0,0,0,0,0,0,1,0,0,1
856,857,Andra Davis,2010,32,5-141,BUF,NFL,6-1,255,33.6,6,4,0.0,18,23,1,11,0,1,0,0,0,0,1,1,0,0,2
857,858,Buster Davis,2008,25,3-69,IND,NFL,5-10,239,34.3,6,3,0.0,18,6,0,0,0,0,0,0,0,0,0,1,0,0,2
858,859,Zach Diles,2012,27,7-218,TEN,NFL,6-0,240,32.5,6,1,0.0,7,4,0,0,0,0,0,0,0,0,0,1,0,0,1
859,860,Scott Galyon,2000,26,6-182,MIA,NFL,6-2,238,30.6,6,1,0.0,8,1,0,0,0,0,0,0,0,0,0,1,0,0,1
860,861,D'Qwell Jackson,2009,26,2-34,CLE,NFL,6-0,230,31.2,6,6,0.0,46,13,0,0,0,2,0,0,0,0,1,1,0,0,3
861,862,Nico Johnson,2013,23,4-99,KAN,NFL,6-2,248,31.8,6,1,0.0,5,2,0,0,0,0,0,0,0,0,0,1,0,0,1
862,863,Ray Lewis,2005,30,1-26,BAL,NFL,6-1,245,32.3,6,6,1.0,38,8,1,0,0,2,0,1,0,0,0,1,0,0,4
863,864,Ray Lewis,2012,37,1-26,BAL,NFL,6-1,245,32.3,6,6,1.0,44,13,0,0,0,1,0,1,0,0,1,1,0,0,4
864,865,Joe Mays,2012,27,6-200,DEN,NFL,5-11,245,34.2,6,4,0.5,7,12,0,0,0,0,0,0,0,0,0,1,0,0,2
865,866,Marc Megna,2000,24,6-183,2TM,NFL,6-2,245,31.5,6,0,0.0,0,0,0,0,0,0,0,0,0,0,0,1,0,0,0
866,867,Hannibal Navies,2006,29,4-100,SFO,NFL,6-3,247,30.9,6,2,0.0,12,6,0,0,0,0,0,0,0,0,0,1,0,0,1
867,868,Hardy Nickerson,2000,35,5-122,JAX,NFL,6-2,230,29.5,6,6,1.0,27,4,1,10,0,0,0,0,0,0,0,1,0,0,3
868,869,DeMeco Ryans,2010,26,2-33,HOU,NFL,6-1,235,31.0,6,6,1.0,32,22,0,0,0,2,0,0,0,0,0,1,0,0,2
869,870,D.J. Smith,2012,23,6-186,GNB,NFL,5-11,239,33.3,6,6,2.0,29,10,0,0,0,4,0,0,0,0,0,1,0,0,3
870,871,Lester Towns,2005,28,7-221,2TM,NFL,6-1,252,33.2,6,1,0.0,10,1,0,0,0,0,0,0,0,0,1,1,0,0,2
871,872,D.J. Williams,2013,31,1-17,CHI,NFL,6-2,247,31.7,6,4,2.0,19,8,0,0,0,0,0,0,0,0,1,1,0,0,2
872,873,LeVar Woods,2005,27,,DET,NFL,6-3,244,30.5,6,3,1.0,17,11,0,0,0,0,0,0,0,0,0,1,0,0,2
873,874,Michael Young,2003,25,,ARI,NFL,6-2,245,31.5,6,0,0.0,4,0,0,0,0,0,0,0,0,0,0,1,0,0,0
874,875,Jon Beason,2015,30,1-25,NYG,NFL,6-0,237,32.1,5,4,0.0,11,7,0,0,0,0,0,0,0,0,0,1,0,0,1
875,876,Chase Blackburn,2011,28,,NYG,NFL,6-3,247,30.9,5,4,0.0,20,6,1,9,0,2,0,0,0,0,0,1,0,0,2
876,877,Marcus Buggs,2009,24,,BUF,NFL,5-10,223,32.0,5,2,0.0,14,7,0,0,0,0,0,0,0,0,0,1,0,0,1
877,878,Brian Cushing,2012,25,1-15,HOU,NFL,6-3,243,30.4,5,5,0.0,22,7,1,1,0,2,0,0,0,0,1,1,0,0,3
878,879,Omar Gaither,2009,25,5-168,PHI,NFL,6-2,235,30.2,5,3,1.5,24,6,0,0,0,1,0,1,0,0,0,1,0,0,2
879,880,Ed Hartwell,2005,27,4-126,ATL,NFL,6-1,250,33.0,5,5,0.0,16,6,0,0,0,1,0,0,0,0,0,1,0,0,2
880,881,Ted Johnson,1999,27,2-57,NWE,NFL,6-4,253,30.8,5,5,2.0,25,13,0,0,0,0,0,0,0,0,1,1,0,0,3
881,882,Ray Lewis,2002,27,1-26,BAL,NFL,6-1,245,32.3,5,5,0.0,42,15,2,4,0,3,0,1,0,0,1,1,0,0,4
882,883,Kawika Mitchell,2009,30,2-47,BUF,NFL,6-1,253,33.4,5,5,0.0,17,10,0,0,0,0,0,0,0,0,1,1,0,0,2
883,884,Mike Peterson,2006,30,2-36,JAX,NFL,6-1,230,30.3,5,5,0.0,22,10,1,15,0,1,0,0,0,0,0,1,0,0,3
884,885,Lofa Tatupu,2009,27,2-45,SEA,NFL,6-0,238,32.3,5,5,1.0,21,11,0,0,0,2,0,0,0,0,0,1,0,0,2
885,886,Zach Thomas,2007,34,5-154,MIA,NFL,5-11,230,32.1,5,5,1.0,42,10,0,0,0,2,0,0,0,0,0,1,0,0,2
886,887,Jeff Ulbrich,2005,28,3-86,SFO,NFL,6-0,249,33.8,5,5,0.0,31,10,0,0,0,3,0,0,0,0,1,1,0,0,2
887,888,Nick Barnett,2010,29,1-29,GNB,NFL,6-2,240,30.8,4,4,0.0,19,5,0,0,0,1,0,0,0,0,0,1,0,0,2
888,889,Jon Beason,2014,29,1-25,NYG,NFL,6-0,237,32.1,4,4,0.0,6,5,0,0,0,1,0,0,0,0,0,1,0,0,2
889,890,Jon Beason,2012,27,1-25,CAR,NFL,6-0,237,32.1,4,4,0.0,16,12,1,2,0,2,0,0,0,0,0,1,0,0,2
890,891,Stephen Boyd,2001,29,5-141,DET,NFL,6-0,247,33.5,4,4,1.0,16,6,0,0,0,0,0,0,0,0,1,1,0,0,1
891,892,Rocky Calmus,2004,25,3-77,TEN,NFL,6-3,238,29.7,4,3,0.0,12,3,0,0,0,0,0,1,0,0,0,1,0,0,1
892,893,Jamie Duncan,2004,29,3-84,ATL,NFL,6-1,238,31.4,4,2,0.0,8,0,0,0,0,1,0,0,0,0,0,1,0,0,1
893,894,Teddy Lehman,2006,25,2-37,DET,NFL,6-2,243,31.2,4,0,0.0,4,1,0,0,0,0,0,0,0,0,0,1,0,0,0
894,895,James Darling,2006,32,2-57,ARI,NFL,6-1,247,32.6,3,0,0.0,1,1,0,0,0,0,0,0,0,0,0,1,0,0,0
895,896,Caleb Miller,2007,27,3-80,CIN,NFL,6-3,225,28.1,3,1,0.0,11,1,0,0,0,3,0,0,0,0,0,1,0,0,1
896,897,Dan Morgan,2007,29,1-11,CAR,NFL,6-2,245,31.5,3,3,0.0,16,6,0,0,0,1,0,0,0,0,0,1,0,0,1
897,898,Paul Posluszny,2007,23,2-34,BUF,NFL,6-2,238,30.6,3,3,0.0,17,9,0,0,0,0,0,0,0,0,0,1,0,0,1
898,899,Jeremiah Trotter,2007,30,3-72,TAM,NFL,6-1,262,34.6,3,1,0.0,9,4,0,0,0,0,0,0,0,0,0,1,0,0,1
899,900,Stephen Tulloch,2014,29,4-116,DET,NFL,5-11,230,32.1,3,3,2.0,15,5,0,0,0,0,0,0,0,0,0,1,0,0,2
900,901,Nate Webster,2004,27,3-90,CIN,NFL,6-0,230,31.2,3,3,1.0,15,5,0,0,0,2,0,1,0,0,1,1,0,0,2
901,902,Nate Webster,2006,29,3-90,DEN,NFL,6-0,230,31.2,3,2,0.0,8,3,0,0,0,0,0,0,0,0,0,1,0,0,1
902,903,Jamie Winborn,2002,23,2-47,SFO,NFL,5-11,242,33.7,3,3,1.0,20,6,0,0,0,2,0,0,0,0,0,1,0,0,1
903,904,Ahmad Brooks,2007,23,,CIN,NFL,6-4,255,31.0,2,2,1.0,5,1,0,0,0,0,0,0,0,0,1,1,0,0,1
904,905,Tom McManus,1999,29,,JAX,NFL,6-2,252,32.4,2,2,0.0,3,2,0,0,0,0,0,0,0,0,0,1,0,0,0
905,906,Mike Mohamed,2011,23,6-189,DEN,NFL,6-2,238,30.6,2,0,0.0,0,0,0,0,0,0,0,0,0,0,0,1,0,0,0
906,907,Jon Beason,2011,26,1-25,CAR,NFL,6-0,237,32.1,1,1,0.0,4,0,0,0,0,0,0,0,0,0,0,1,0,0,0
907,908,Gary Brackett,2011,31,,IND,NFL,5-11,235,32.8,1,1,0.0,5,1,1,27,0,1,0,0,0,0,0,1,0,0,1
908,909,Sam Cowart,2001,26,2-39,BUF,NFL,6-2,245,31.5,1,1,0.0,0,2,0,0,0,0,0,0,0,0,0,1,0,0,0
909,910,Larry Foote,2013,33,4-128,PIT,NFL,6-0,234,31.7,1,1,0.0,3,5,0,0,0,0,0,0,0,0,0,1,0,0,0
910,911,Derrick Johnson,2014,32,1-15,KAN,NFL,6-3,242,30.2,1,1,0.0,4,0,0,0,0,0,0,0,0,0,0,1,0,0,0
911,912,Kevin Lewis,2005,27,,NYG,NFL,6-1,235,31.0,1,1,0.0,4,0,0,0,0,0,0,0,0,0,0,1,0,0,0
912,913,Dan Morgan,2006,28,1-11,CAR,NFL,6-2,245,31.5,1,1,0.0,0,2,0,0,0,1,0,0,0,0,0,1,0,0,0
913,914,Brian Simmons,2000,25,1-17,CIN,NFL,6-3,244,30.5,1,1,1.0,7,2,0,0,0,0,0,0,0,0,0,1,0,0,1
914,915,Brian Urlacher,2009,31,1-9,CHI,NFL,6-4,258,31.4,1,1,0.0,3,0,0,0,0,0,0,0,0,0,0,1,0,0,0
915,916,Jonathan Vilma,2013,31,1-12,NOR,NFL,6-1,230,30.3,1,0,0.0,1,0,0,0,0,0,0,0,0,0,0,1,0,0,0
