,rk,name,year,age,drafted,team,league,height,weight,bmi,games,starts,sacks,tkls,ast_tkls,ints,int_return_yds,int_return_tds,passes_defended,times_fumbled,fumb_rec,yds_fumb_rec,td_fumb_rec,forced_fumbles,yrs,pro_bowl,all_pro,av
0,1,Sam Acho,2012,24,4-103,ARI,NFL,6-1,257.0,33.9,16,16,4.0,35,13,2,2,0,3,0,0,0,0,2,1,0,0,9
1,2,Sam Acho,2011,23,4-103,ARI,NFL,6-1,257.0,33.9,16,10,7.0,35,5,0,0,0,2,0,1,1,0,3,1,0,0,6
2,3,Allen Aldridge,2001,29,2-51,DET,NFL,6-1,254.0,33.5,16,16,1.0,32,15,0,0,0,0,0,0,0,0,0,1,0,0,5
3,4,Lorenzo Alexander,2010,27,,WAS,NFL,6-1,300.0,39.6,16,12,1.5,32,25,0,0,0,2,0,1,0,0,2,1,0,0,6
4,5,Jessie Armstead,2001,31,8-207,NYG,NFL,6-1,237.0,31.3,16,16,1.5,62,24,0,0,0,2,0,0,0,0,2,1,1,0,9
5,6,Akin Ayodele,2002,23,3-89,JAX,NFL,6-2,251.0,32.2,16,3,3.0,57,9,1,22,0,3,0,0,0,0,2,1,0,0,3
6,7,Jason Babin,2004,24,1-27,HOU,NFL,6-4,265.0,32.3,16,16,4.0,51,12,0,0,0,5,0,2,22,0,0,1,0,0,8
7,8,Tully Banta-Cain,2009,29,7-239,NWE,NFL,6-2,254.0,32.6,16,10,10.0,35,20,0,0,0,2,0,0,0,0,2,1,0,0,7
8,9,Tully Banta-Cain,2007,27,7-239,SFO,NFL,6-2,254.0,32.6,16,10,3.5,30,11,0,0,0,2,0,1,0,1,0,1,0,0,6
9,10,Shawn Barber,2003,28,4-113,KAN,NFL,6-2,245.0,31.5,16,16,5.0,92,20,1,28,0,6,0,0,0,0,1,1,0,0,8
10,11,Eric Barton,2006,29,5-146,NYJ,NFL,6-2,245.0,31.5,16,15,4.5,73,28,0,0,0,2,0,0,0,0,1,1,0,0,7
11,12,Eric Barton,2003,26,5-146,OAK,NFL,6-2,245.0,31.5,16,16,0.5,98,34,0,0,0,6,0,0,0,0,1,1,0,0,7
12,13,Kendrell Bell,2006,28,2-39,KAN,NFL,6-1,254.0,33.5,16,14,1.0,43,6,0,0,0,0,0,0,0,0,0,1,0,0,6
13,14,Kendrell Bell,2005,27,2-39,KAN,NFL,6-1,254.0,33.5,16,14,1.5,32,9,0,0,0,0,0,0,0,0,0,1,0,0,6
14,15,Kevin Bentley,2003,24,4-101,CLE,NFL,6-1,245.0,32.3,16,14,0.0,60,36,1,25,0,2,0,0,0,0,0,1,0,0,7
15,16,Peter Boulware,2002,28,1-4,BAL,NFL,6-4,255.0,31.0,16,16,7.0,57,16,1,6,0,0,0,2,4,0,0,1,1,0,11
16,17,David Bowens,2009,32,5-158,CLE,NFL,6-3,260.0,32.5,16,15,5.5,47,24,1,15,0,5,0,1,0,0,1,1,0,0,7
17,18,Chad Brown,2001,31,2-44,SEA,NFL,6-2,245.0,31.5,16,16,8.5,80,25,0,0,0,6,0,1,3,0,2,1,0,0,8
18,19,Cornell Brown,2002,27,6-194,BAL,NFL,6-0,240.0,32.5,16,14,1.5,39,23,0,0,0,0,0,0,0,0,0,1,0,0,6
19,20,Cornell Brown,2003,28,6-194,BAL,NFL,6-0,240.0,32.5,16,3,1.0,20,3,0,0,0,2,0,0,0,0,0,1,0,0,3
20,21,Tedy Bruschi,2000,27,3-86,NWE,NFL,6-1,247.0,32.6,16,16,1.0,73,33,0,0,0,0,0,0,0,0,1,1,0,0,7
21,22,Keith Bulluck,2008,31,1-30,TEN,NFL,6-3,235.0,29.4,16,16,0.5,75,23,0,0,0,6,0,1,0,0,1,1,0,0,9
22,23,Kevin Burnett,2012,30,2-42,MIA,NFL,6-3,237.0,29.6,16,16,2.5,80,30,0,0,0,5,0,0,0,0,0,1,0,0,8
23,24,Glenn Cadrez,2001,31,6-154,KAN,NFL,6-3,240.0,30.0,16,5,1.5,22,9,1,0,0,1,0,1,20,0,1,1,0,0,3
24,25,Andre Carter,2005,26,1-7,SFO,NFL,6-4,265.0,32.3,16,14,4.5,35,9,0,0,0,2,0,0,0,0,0,1,0,0,5
25,26,Andre Carter,2010,31,1-7,WAS,NFL,6-4,265.0,32.3,16,5,2.5,25,19,0,0,0,1,0,1,0,0,1,1,0,0,4
26,27,Quinton Caver,2004,26,2-55,KAN,NFL,6-4,241.0,29.3,16,4,0.0,33,6,0,0,0,2,0,0,0,0,0,1,0,0,2
27,28,Chris Claiborne,2001,23,1-9,DET,NFL,6-3,259.0,32.4,16,16,4.0,77,42,2,11,0,6,0,1,0,0,1,1,0,0,6
28,29,Danny Clark,2002,25,7-245,JAX,NFL,6-2,248.0,31.8,16,16,2.0,69,22,1,7,0,2,0,0,0,0,0,1,0,0,8
29,30,Trent Cole,2013,31,5-146,PHI,NFL,6-3,270.0,33.7,16,16,8.0,44,12,0,0,0,6,0,0,0,0,3,1,0,0,7
30,31,Stephen Cooper,2006,27,,SDG,NFL,6-1,235.0,31.0,16,4,2.5,30,23,0,0,0,2,0,0,0,0,1,1,0,0,3
31,32,Don Davis,2002,30,,STL,NFL,6-1,235.0,31.0,16,7,0.0,41,6,1,29,0,0,0,0,0,0,0,1,0,0,5
32,33,Bud Dupree,2015,22,1-22,PIT,NFL,6-4,267.0,32.5,16,5,4.0,17,9,0,0,0,1,0,0,0,0,0,1,0,0,3
33,34,Donnie Edwards,2001,28,4-98,KAN,NFL,6-2,227.0,29.1,16,16,2.0,97,32,0,0,0,4,0,3,0,0,1,1,0,0,8
34,35,Donnie Edwards,2003,30,4-98,SDG,NFL,6-2,227.0,29.1,16,16,0.5,122,39,2,27,0,9,0,0,0,0,1,1,0,0,6
35,36,Donnie Edwards,2007,34,4-98,KAN,NFL,6-2,227.0,29.1,16,16,2.0,85,19,1,18,0,3,0,1,0,0,1,1,0,0,9
36,37,Donnie Edwards,1999,26,4-98,KAN,NFL,6-2,227.0,29.1,16,16,3.0,98,25,5,50,1,0,0,2,79,1,1,1,0,0,13
37,38,Keith Ellison,2008,24,6-178,BUF,NFL,6-1,229.0,30.2,16,14,0.0,49,24,0,0,0,2,0,1,0,0,0,1,0,0,7
38,39,Carlos Emmons,1999,26,7-242,PIT,NFL,6-5,250.0,29.6,16,16,6.0,51,16,1,22,0,0,0,3,2,0,1,1,0,0,11
39,40,James Farrior,1999,24,1-8,NYJ,NFL,6-2,242.0,31.1,16,4,2.0,30,8,0,0,0,0,0,0,0,0,1,1,0,0,0
40,41,James Farrior,2000,25,1-8,NYJ,NFL,6-2,242.0,31.1,16,6,1.0,46,10,1,0,0,0,0,1,0,0,1,1,0,0,5
41,42,Mark Fields,2000,28,1-13,NOR,NFL,6-2,244.0,31.3,16,14,2.0,63,21,0,0,0,0,0,0,0,0,0,1,1,0,9
42,43,Levar Fisher,2003,24,2-49,ARI,NFL,6-1,239.0,31.5,16,15,1.0,52,6,0,0,0,2,0,1,0,0,1,1,0,0,5
43,44,Steve Foley,1999,24,3-75,CIN,NFL,6-4,265.0,32.3,16,16,3.5,34,3,0,0,0,0,0,2,0,0,1,1,0,0,5
44,45,Larry Foote,2006,26,4-128,PIT,NFL,6-0,234.0,31.7,16,16,4.0,61,29,1,11,0,3,0,1,0,0,2,1,0,0,9
45,46,Keyaron Fox,2006,24,3-93,KAN,NFL,6-3,220.0,27.5,16,4,1.0,44,8,0,0,0,1,0,0,0,0,0,1,0,0,3
46,47,Scott Fujita,2004,25,5-143,KAN,NFL,6-5,247.0,29.3,16,16,4.5,67,23,0,0,0,4,0,0,0,0,0,1,0,0,5
47,48,Scott Fujita,2002,23,5-143,KAN,NFL,6-5,247.0,29.3,16,9,1.0,61,7,0,0,0,1,0,1,0,0,0,1,0,0,4
48,49,Scott Fujita,2003,24,5-143,KAN,NFL,6-5,247.0,29.3,16,16,4.0,97,14,1,8,0,2,0,0,0,0,2,1,0,0,8
49,50,Jason Gildon,2001,29,3-88,PIT,NFL,6-4,255.0,31.0,16,16,12.0,42,11,1,0,0,8,0,2,27,1,3,1,1,1,19
50,51,Jason Gildon,2002,30,3-88,PIT,NFL,6-4,255.0,31.0,16,16,9.0,45,22,0,0,0,0,0,0,0,0,0,1,1,0,10
51,52,Jason Gildon,1999,27,3-88,PIT,NFL,6-4,255.0,31.0,16,16,8.5,42,15,0,0,0,0,0,0,0,0,1,1,0,0,10
52,53,Jason Gildon,2003,31,3-88,PIT,NFL,6-4,255.0,31.0,16,16,6.0,42,19,1,1,0,6,1,1,0,0,1,1,0,0,8
53,54,Jason Gildon,2000,28,3-88,PIT,NFL,6-4,255.0,31.0,16,16,13.5,58,19,0,0,0,0,0,4,22,1,4,1,1,0,15
54,55,Barrett Green,2003,26,2-50,DET,NFL,6-0,226.0,30.6,16,16,3.0,65,28,0,0,0,2,0,2,38,0,0,1,0,0,8
55,56,Morlon Greenwood,2002,24,3-88,MIA,NFL,6-0,238.0,32.3,16,13,1.0,37,20,0,0,0,1,0,0,0,0,0,1,0,0,5
56,57,Quentin Groves,2012,28,2-52,ARI,NFL,6-3,250.0,31.2,16,7,4.0,34,7,0,0,0,0,0,0,0,0,1,1,0,0,5
57,58,Clark Haggans,2009,32,5-137,ARI,NFL,6-4,243.0,29.6,16,14,5.0,57,17,0,0,0,1,0,0,0,0,2,1,0,0,7
58,59,Clark Haggans,2011,34,5-137,ARI,NFL,6-4,243.0,29.6,16,16,3.0,30,16,0,0,0,2,0,1,0,0,1,1,0,0,8
59,60,Clark Haggans,2007,30,5-137,PIT,NFL,6-4,243.0,29.6,16,16,4.0,36,22,0,0,0,1,0,1,0,0,0,1,0,0,8
60,61,Clark Haggans,2001,24,5-137,PIT,NFL,6-4,243.0,29.6,16,1,0.0,11,9,0,0,0,0,0,0,0,0,1,1,0,0,2
61,62,Clark Haggans,2003,26,5-137,PIT,NFL,6-4,243.0,29.6,16,2,1.0,19,9,0,0,0,1,0,0,0,0,1,1,0,0,2
62,63,Tamba Hali,2009,26,1-20,KAN,NFL,6-2,265.0,34.0,16,16,8.5,46,16,0,0,0,1,0,0,0,0,4,1,0,0,7
63,64,Tamba Hali,2014,31,1-20,KAN,NFL,6-2,265.0,34.0,16,16,6.0,47,12,0,0,0,0,0,1,0,0,3,1,1,0,11
64,65,Tamba Hali,2011,28,1-20,KAN,NFL,6-2,265.0,34.0,16,16,12.0,48,18,0,0,0,0,0,0,0,0,4,1,1,0,12
65,66,Tamba Hali,2010,27,1-20,KAN,NFL,6-2,265.0,34.0,16,16,14.5,36,15,0,0,0,3,0,2,2,0,4,1,0,0,9
66,67,Alex Hall,2008,23,7-231,CLE,NFL,6-4,250.0,30.4,16,2,3.0,26,2,0,0,0,0,0,0,0,0,2,1,0,0,2
67,68,James Harrison,2005,27,,PIT,NFL,6-0,242.0,32.8,16,3,3.0,36,9,1,25,0,3,0,1,0,0,0,1,0,0,4
68,69,James Harrison,2010,32,,PIT,NFL,6-0,242.0,32.8,16,16,10.5,70,30,2,2,0,4,0,1,0,0,6,1,1,1,19
69,70,James Harrison,2007,29,,PIT,NFL,6-0,242.0,32.8,16,16,8.5,76,22,1,20,0,3,0,3,0,0,7,1,1,0,15
70,71,James Harrison,2004,26,,PIT,NFL,6-0,242.0,32.8,16,4,1.0,36,9,0,0,0,3,0,1,18,1,0,1,0,0,4
71,72,James Harrison,2009,31,,PIT,NFL,6-0,242.0,32.8,16,16,10.0,60,19,0,0,0,3,0,2,0,0,5,1,1,0,14
72,73,Victor Hobson,2007,27,2-53,NYJ,NFL,6-0,252.0,34.2,16,14,2.0,48,14,0,0,0,4,0,2,0,0,0,1,0,0,6
73,74,Victor Hobson,2005,25,2-53,NYJ,NFL,6-0,252.0,34.2,16,16,1.0,54,26,0,0,0,0,0,1,43,0,0,1,0,0,6
74,75,Victor Hobson,2006,26,2-53,NYJ,NFL,6-0,252.0,34.2,16,16,6.0,66,34,1,9,0,2,0,2,32,1,1,1,0,0,8
75,76,Sedrick Hodge,2001,23,3-70,NOR,NFL,6-4,244.0,29.7,16,1,0.0,18,3,0,0,0,1,0,0,0,0,0,1,0,0,1
76,77,Justin Houston,2011,22,3-70,KAN,NFL,6-3,260.0,32.5,16,10,5.5,46,10,0,0,0,4,0,1,0,0,1,1,0,0,6
77,78,Justin Houston,2014,25,3-70,KAN,NFL,6-3,260.0,32.5,16,16,22.0,59,9,0,0,0,5,0,0,0,0,4,1,1,1,17
78,79,Justin Houston,2012,23,3-70,KAN,NFL,6-3,260.0,32.5,16,16,10.0,53,13,1,32,0,5,0,1,4,0,1,1,1,0,9
79,80,Thomas Howard,2009,26,2-38,OAK,NFL,6-3,230.0,28.7,16,15,2.0,72,7,0,0,0,6,0,1,0,0,1,1,0,0,6
80,81,Rob Jackson,2012,27,7-242,WAS,NFL,6-4,259.0,31.5,16,14,4.5,26,9,4,19,1,7,0,1,0,0,2,1,0,0,7
81,82,Derrick Johnson,2007,25,1-15,KAN,NFL,6-3,242.0,30.2,16,16,4.0,83,11,2,18,0,6,0,0,0,0,3,1,0,0,9
82,83,Derrick Johnson,2005,23,1-15,KAN,NFL,6-3,242.0,30.2,16,16,2.0,79,16,0,0,0,5,0,1,0,0,2,1,0,0,7
83,84,Jarret Johnson,2008,27,4-109,BAL,NFL,6-3,285.0,35.6,16,16,5.0,45,12,0,0,0,3,0,1,22,0,2,1,0,0,9
84,85,Jarret Johnson,2007,26,4-109,BAL,NFL,6-3,285.0,35.6,16,16,2.0,42,16,0,0,0,2,0,0,0,0,2,1,0,0,6
85,86,Landon Johnson,2006,25,3-96,CIN,NFL,6-2,227.0,29.1,16,16,0.5,78,34,1,2,0,5,0,0,0,0,3,1,0,0,7
86,87,Ryan Kerrigan,2012,24,1-16,WAS,NFL,6-3,255.0,31.9,16,16,8.5,42,12,1,28,1,8,0,1,0,0,2,1,1,0,9
87,88,Ryan Kerrigan,2011,23,1-16,WAS,NFL,6-3,255.0,31.9,16,16,7.5,41,22,1,9,1,4,0,0,0,0,4,1,0,0,7
88,89,Ryan Kerrigan,2013,25,1-16,WAS,NFL,6-3,255.0,31.9,16,16,8.5,47,19,0,0,0,3,0,0,0,0,4,1,0,0,7
89,90,Ryan Kerrigan,2014,26,1-16,WAS,NFL,6-3,255.0,31.9,16,16,13.5,51,13,0,0,0,1,0,1,0,0,5,1,0,0,8
90,91,Terry Killens,2001,27,3-74,SFO,NFL,6-1,235.0,31.0,16,2,0.0,25,3,0,0,0,0,0,0,0,0,0,1,0,0,2
91,92,Manny Lawson,2006,22,1-22,SFO,NFL,6-5,240.0,28.5,16,12,2.5,47,10,1,0,0,2,0,2,0,0,0,1,0,0,5
92,93,Ben Leber,2002,24,3-71,SDG,NFL,6-3,244.0,30.5,16,14,5.0,41,9,0,0,0,1,0,0,0,0,3,1,0,0,6
93,94,Ben Leber,2003,25,3-71,SDG,NFL,6-3,244.0,30.5,16,16,3.0,69,11,0,0,0,1,0,0,0,0,1,1,0,0,5
94,95,Mo Lewis,1999,30,3-63,NYJ,NFL,6-3,258.0,32.2,16,16,5.5,58,31,0,0,0,0,0,1,0,0,3,1,1,0,12
95,96,Mo Lewis,2000,31,3-63,NYJ,NFL,6-3,258.0,32.2,16,16,10.0,65,23,1,23,0,0,0,2,0,0,2,1,1,0,15
96,97,Mike Maslowski,2002,28,,KAN,NFL,6-1,243.0,32.1,16,16,1.0,92,31,3,28,0,0,0,1,0,0,0,1,0,0,6
97,98,Casey Matthews,2013,24,4-116,PHI,NFL,6-1,243.0,32.1,16,1,0.0,9,2,0,0,0,1,0,1,0,0,0,1,0,0,2
98,99,Clay Matthews,2009,23,1-26,GNB,NFL,6-3,255.0,31.9,16,13,10.0,36,14,0,0,0,7,0,3,46,1,1,1,1,0,11
99,100,Clay Matthews,2014,28,1-26,GNB,NFL,6-3,255.0,31.9,16,16,11.0,52,19,1,40,0,9,0,0,0,0,2,1,1,0,12
100,101,Willie McGinest,2004,33,1-4,NWE,NFL,6-5,270.0,32.0,16,16,9.5,36,15,1,27,0,6,0,1,0,0,2,1,0,0,8
101,102,Willie McGinest,2005,34,1-4,NWE,NFL,6-5,270.0,32.0,16,16,6.0,45,11,0,0,0,5,0,1,19,0,0,1,0,0,6
102,103,Kawika Mitchell,2008,29,2-47,BUF,NFL,6-1,253.0,33.4,16,15,4.0,57,25,2,33,0,3,0,0,0,0,2,1,0,0,8
103,104,Keith Mitchell,2000,26,,NOR,NFL,6-2,236.0,30.3,16,14,6.5,60,25,1,40,1,0,0,4,90,1,0,1,1,0,11
104,105,Arthur Moats,2014,26,6-178,PIT,NFL,6-0,246.0,33.4,16,9,4.0,17,7,0,0,0,0,0,1,0,0,2,1,0,0,4
105,106,Arthur Moats,2015,27,6-178,PIT,NFL,6-0,246.0,33.4,16,10,4.0,24,11,0,0,0,2,0,2,3,0,0,1,0,0,6
106,107,Brandon Moore,2005,26,,SFO,NFL,6-1,242.0,31.9,16,10,5.0,50,21,1,12,0,4,1,1,9,0,0,1,0,0,5
107,108,Brandon Moore,2006,27,,SFO,NFL,6-1,242.0,31.9,16,11,6.5,62,30,0,0,0,2,0,0,0,0,2,1,0,0,5
108,109,Zeke Moreno,2002,24,5-139,SDG,NFL,6-2,235.0,30.2,16,3,0.0,36,7,1,8,0,0,0,0,0,0,0,1,0,0,3
109,110,Dezman Moses,2012,23,,GNB,NFL,6-2,249.0,32.0,16,6,4.0,12,12,0,0,0,2,0,0,0,0,1,1,0,0,3
110,111,Mike Neal,2013,26,2-56,GNB,NFL,6-3,262.0,32.7,16,10,5.0,39,11,1,5,0,1,0,0,0,0,1,1,0,0,5
111,112,Mike Neal,2014,27,2-56,GNB,NFL,6-3,262.0,32.7,16,3,4.5,24,18,0,0,0,0,0,0,0,0,0,1,0,0,3
112,113,Mike Neal,2015,28,2-56,GNB,NFL,6-3,262.0,32.7,16,15,4.0,24,12,0,0,0,0,0,0,0,0,1,1,0,0,8
113,114,Keith Newman,2000,23,4-119,BUF,NFL,6-2,248.0,31.8,16,16,8.0,46,17,0,0,0,0,1,1,25,0,2,1,0,0,8
114,115,Gabe Northern,1999,25,2-53,BUF,NFL,6-2,240.0,30.8,16,16,3.5,26,9,0,0,0,0,0,1,59,1,2,1,0,0,11
115,116,Melvin Oliver,2006,23,6-197,SFO,NFL,6-3,279.0,34.9,16,14,1.0,35,8,0,0,0,0,0,1,12,1,0,1,0,0,6
116,117,Brian Orakpo,2011,25,1-13,WAS,NFL,6-3,255.0,31.9,16,16,9.0,35,25,0,0,0,5,0,1,0,0,3,1,0,0,7
117,118,Shantee Orr,2005,24,,HOU,NFL,6-0,250.0,33.9,16,12,7.0,38,12,0,0,0,2,0,0,0,0,4,1,0,0,4
118,119,Calvin Pace,2015,35,1-18,NYJ,NFL,6-4,262.0,31.9,16,13,3.0,15,7,0,0,0,1,0,1,0,0,2,1,0,0,7
119,120,Antwan Peek,2005,26,3-67,HOU,NFL,6-3,237.0,29.6,16,16,6.0,29,17,0,0,0,2,0,2,0,0,2,1,0,0,5
120,121,Julius Peppers,2015,35,1-2,GNB,NFL,6-6,283.0,32.7,16,16,10.5,25,11,0,0,0,0,0,0,0,0,2,1,1,0,11
121,122,Julius Peppers,2014,34,1-2,GNB,NFL,6-6,283.0,32.7,16,16,7.0,34,20,2,101,2,11,0,3,2,0,6,1,0,0,9
122,123,Julian Peterson,2003,25,1-16,SFO,NFL,6-3,235.0,29.4,16,16,7.0,69,25,2,31,0,12,0,0,0,0,2,1,1,1,14
123,124,Julian Peterson,2008,30,1-16,SEA,NFL,6-3,235.0,29.4,16,15,5.0,65,21,0,0,0,5,0,1,0,0,4,1,1,0,8
124,125,Julian Peterson,2002,24,1-16,SFO,NFL,6-3,235.0,29.4,16,16,2.0,76,18,1,2,0,7,0,1,3,0,2,1,1,0,18
125,126,Roman Phifer,2000,32,2-31,NYJ,NFL,6-2,248.0,31.8,16,10,4.0,32,13,0,0,0,0,0,0,0,0,1,1,0,0,6
126,127,Roman Phifer,1999,31,2-31,NYJ,NFL,6-2,248.0,31.8,16,12,4.5,36,14,2,20,0,0,0,0,0,0,3,1,0,0,8
127,128,Shaun Phillips,2009,28,4-98,SDG,NFL,6-3,260.0,32.5,16,16,7.0,47,12,0,0,0,3,0,0,0,0,7,1,0,0,7
128,129,Carlos Polk,2006,29,4-112,SDG,NFL,6-2,250.0,32.1,16,4,2.0,35,10,0,0,0,0,0,0,0,0,0,1,0,0,3
129,130,Joey Porter,2007,30,3-73,MIA,NFL,6-2,250.0,32.1,16,15,5.5,56,9,2,19,0,5,0,0,0,0,1,1,0,0,6
130,131,Joey Porter,2000,23,3-73,PIT,NFL,6-2,250.0,32.1,16,16,10.5,43,17,1,0,0,0,0,1,32,1,2,1,0,0,11
131,132,Joey Porter,2008,31,3-73,MIA,NFL,6-2,250.0,32.1,16,16,17.5,36,11,0,0,0,1,0,1,1,0,4,1,1,0,13
132,133,Joey Porter,2005,28,3-73,PIT,NFL,6-2,250.0,32.1,16,16,10.5,39,17,2,9,0,4,0,1,0,0,4,1,1,0,14
133,134,Joey Porter,2002,25,3-73,PIT,NFL,6-2,250.0,32.1,16,16,9.0,60,28,4,153,0,10,0,2,6,0,2,1,1,1,16
134,135,Jeff Posey,2002,27,,HOU,NFL,6-4,241.0,29.3,16,9,8.0,49,16,1,0,0,6,0,0,0,0,2,1,0,0,6
135,136,Jeff Posey,2000,25,,SFO,NFL,6-4,241.0,29.3,16,9,0.5,22,11,0,0,0,0,0,1,0,0,0,1,0,0,3
136,137,Derrick Rodgers,2002,31,3-92,MIA,NFL,6-0,230.0,31.2,16,15,0.0,46,30,2,28,0,0,0,0,0,0,0,1,0,0,6
137,138,Sam Rogers,1999,29,2-64,BUF,NFL,6-3,245.0,30.6,16,16,3.0,52,16,1,24,0,0,0,2,7,0,0,1,0,0,13
138,139,Bill Romanowski,2002,36,3-80,OAK,NFL,6-4,245.0,29.8,16,16,4.0,65,26,1,0,0,0,0,0,0,0,0,1,0,0,8
139,140,Adrian Ross,1999,24,,CIN,NFL,6-2,245.0,31.5,16,10,1.0,15,3,0,0,0,0,0,0,0,0,1,1,0,0,3
140,141,Matt Roth,2008,26,2-46,MIA,NFL,6-4,272.0,33.1,16,14,5.0,46,7,0,0,0,4,0,0,0,0,2,1,0,0,7
141,142,Scott Shanle,2008,29,7-251,NOR,NFL,6-2,240.0,30.8,16,16,2.0,60,27,0,0,0,5,0,0,0,0,1,1,0,0,7
142,143,Brandon Short,2001,24,4-105,NYG,NFL,6-3,253.0,31.6,16,16,1.0,45,16,1,21,0,4,0,1,0,0,0,1,0,0,7
143,144,Anthony Simmons,2001,25,1-15,SEA,NFL,6-0,240.0,32.5,16,16,2.0,101,20,0,0,0,7,0,0,0,0,2,1,0,0,8
144,145,Chris Slade,2000,29,2-31,NWE,NFL,6-5,245.0,29.0,16,15,4.0,54,26,0,0,0,0,0,0,0,0,2,1,0,0,7
145,146,Darrin Smith,2001,31,2-54,NOR,NFL,6-1,236.0,31.1,16,16,1.5,50,17,0,0,0,9,0,0,0,0,1,1,0,0,5
146,147,Raonall Smith,2005,27,2-38,MIN,NFL,6-2,241.0,30.9,16,6,1.0,28,7,0,0,0,1,0,2,0,0,0,1,0,0,4
147,148,Travian Smith,2002,27,5-152,OAK,NFL,6-4,240.0,29.2,16,2,5.0,38,7,0,0,0,0,0,0,0,0,0,1,0,0,3
148,149,Donnie Spragan,2004,28,,DEN,NFL,6-3,239.0,29.9,16,14,1.0,45,22,0,0,0,6,0,1,0,0,1,1,0,0,7
149,150,Matt Stewart,2006,27,4-102,CLE,NFL,6-3,232.0,29.0,16,4,1.0,17,3,0,0,0,0,0,0,0,0,0,1,0,0,3
150,151,Andy Studebaker,2012,27,6-203,KAN,NFL,6-3,251.0,31.4,16,1,0.0,3,1,0,0,0,0,0,0,0,0,0,1,0,0,1
151,152,Andy Studebaker,2009,24,6-203,KAN,NFL,6-3,251.0,31.4,16,2,0.0,16,4,2,96,0,3,0,1,0,1,1,1,0,0,3
152,153,Terrell Suggs,2005,23,1-10,BAL,NFL,6-3,260.0,32.5,16,16,8.0,46,23,2,38,0,5,0,1,0,0,3,1,0,0,10
153,154,Terrell Suggs,2006,24,1-10,BAL,NFL,6-3,260.0,32.5,16,15,9.5,46,18,0,0,0,7,0,2,0,0,3,1,1,0,13
154,155,Terrell Suggs,2003,21,1-10,BAL,NFL,6-3,260.0,32.5,16,1,12.0,19,8,1,11,0,3,0,4,7,0,5,1,0,0,4
155,156,Terrell Suggs,2007,25,1-10,BAL,NFL,6-3,260.0,32.5,16,16,5.0,52,28,0,0,0,6,0,0,0,0,1,1,0,0,7
156,157,Terrell Suggs,2004,22,1-10,BAL,NFL,6-3,260.0,32.5,16,16,10.5,45,15,0,0,0,1,0,2,24,0,1,1,1,0,12
157,158,Terrell Suggs,2008,26,1-10,BAL,NFL,6-3,260.0,32.5,16,16,8.0,53,15,2,86,2,9,0,1,0,0,2,1,1,0,16
158,159,Shannon Taylor,2002,27,6-184,BAL,NFL,6-3,247.0,30.9,16,2,0.0,17,4,0,0,0,0,0,0,0,0,0,1,0,0,2
159,160,John Thierry,1999,28,1-11,CLE,NFL,6-4,265.0,32.3,16,10,7.0,33,6,1,8,0,0,0,0,0,0,2,1,0,0,5
160,161,Adalius Thomas,2005,28,6-186,BAL,NFL,6-2,270.0,34.7,16,16,9.0,69,15,2,48,1,5,0,4,44,2,4,1,0,0,11
161,162,Adalius Thomas,2006,29,6-186,BAL,NFL,6-2,270.0,34.7,16,16,11.0,64,19,1,7,0,7,0,1,57,1,0,1,1,1,18
162,163,Adalius Thomas,2004,27,6-186,BAL,NFL,6-2,270.0,34.7,16,16,8.0,55,17,1,8,0,5,0,0,0,0,4,1,0,0,9
163,164,Bryan Thomas,2007,28,1-22,NYJ,NFL,6-4,266.0,32.4,16,14,2.5,39,8,0,0,0,1,0,0,0,0,1,1,0,0,6
164,165,Derrick Thomas*,1999,32,1-4,KAN,NFL,6-3,243.0,30.4,16,16,7.0,53,7,1,20,0,0,0,1,0,0,2,1,0,0,10
165,166,Robert Thomas,2002,22,1-31,STL,NFL,6-1,237.0,31.3,16,10,0.0,33,3,0,0,0,2,0,0,0,0,1,1,0,0,5
166,167,Chaun Thompson,2005,25,2-52,CLE,NFL,6-2,250.0,32.1,16,15,5.0,62,21,0,0,0,3,0,1,0,0,2,1,0,0,8
167,168,Raynoch Thompson,2002,25,2-41,ARI,NFL,6-3,224.0,28.0,16,16,3.0,76,33,0,0,0,0,0,0,0,0,0,1,0,0,6
168,169,Lawrence Timmons,2011,25,1-15,PIT,NFL,6-1,234.0,30.9,16,16,2.0,68,25,1,0,0,5,0,0,0,0,1,1,0,0,10
169,170,Lawrence Timmons,2008,22,1-15,PIT,NFL,6-1,234.0,30.9,16,2,5.0,43,22,1,89,0,3,0,1,0,0,1,1,0,0,4
170,171,Jeff Ulbrich,2004,27,3-86,SFO,NFL,6-0,249.0,33.8,16,14,1.0,73,19,1,19,0,3,0,0,0,0,1,1,0,0,6
171,172,Mike Vrabel,2004,29,3-91,NWE,NFL,6-4,261.0,31.8,16,15,5.5,54,17,0,0,0,3,0,0,0,0,0,1,0,0,7
172,173,Mike Vrabel,2010,35,3-91,KAN,NFL,6-4,261.0,31.8,16,16,0.0,30,18,0,0,0,1,0,0,0,0,1,1,0,0,7
173,174,Mike Vrabel,2005,30,3-91,NWE,NFL,6-4,261.0,31.8,16,16,4.5,73,35,2,23,1,5,0,0,0,0,1,1,0,0,7
174,175,Erik Walden,2011,26,6-167,GNB,NFL,6-2,238.0,30.6,16,15,3.0,41,19,0,0,0,3,0,1,5,1,1,1,0,0,7
175,176,Marcus Washington,2001,24,2-59,IND,NFL,6-3,247.0,30.9,16,16,8.0,73,20,0,0,0,2,0,0,0,0,2,1,0,0,5
176,177,Philip Wheeler,2013,29,3-93,MIA,NFL,6-2,245.0,31.5,16,16,0.5,83,35,0,0,0,7,0,1,0,0,0,1,0,0,8
177,178,D.J. Williams,2004,22,1-17,DEN,NFL,6-2,247.0,31.7,16,14,2.0,81,33,1,10,0,7,0,0,0,0,1,1,0,0,8
178,179,D.J. Williams,2006,24,1-17,DEN,NFL,6-2,247.0,31.7,16,15,1.0,59,17,0,0,0,2,0,0,0,0,1,1,0,0,7
179,180,Demorrio Williams,2008,28,4-101,KAN,NFL,6-0,232.0,31.5,16,9,0.0,46,16,0,0,0,1,0,2,0,0,1,1,0,0,4
180,181,Leon Williams,2007,24,4-110,CLE,NFL,6-3,245.0,30.6,16,9,4.0,63,22,0,0,0,3,0,0,0,0,0,1,0,0,5
181,182,Kamerion Wimbley,2008,25,1-13,CLE,NFL,6-3,245.0,30.6,16,16,4.0,52,14,1,2,0,2,0,0,0,0,1,1,0,0,8
182,183,Kamerion Wimbley,2006,23,1-13,CLE,NFL,6-3,245.0,30.6,16,15,11.0,44,18,0,0,0,0,0,3,1,0,1,1,0,0,8
183,184,Kamerion Wimbley,2007,24,1-13,CLE,NFL,6-3,245.0,30.6,16,16,5.0,39,12,0,0,0,1,0,0,0,0,3,1,0,0,7
184,185,Will Witherspoon,2004,24,3-73,CAR,NFL,6-1,234.0,30.9,16,16,3.0,85,18,4,48,0,14,0,1,0,0,1,1,0,0,8
185,186,Kailee Wong,2002,26,2-51,HOU,NFL,6-2,250.0,32.1,16,16,5.5,34,9,0,0,0,0,0,0,0,0,0,1,0,0,8
186,187,Kailee Wong,2003,27,2-51,HOU,NFL,6-2,250.0,32.1,16,16,3.0,49,13,0,0,0,11,0,0,0,0,1,1,0,0,7
187,188,Kailee Wong,2004,28,2-51,HOU,NFL,6-2,250.0,32.1,16,16,5.5,51,20,3,0,0,14,0,1,0,0,1,1,0,0,8
188,189,Lee Woodall,1999,30,6-182,SFO,NFL,6-1,224.0,29.6,16,16,2.5,54,14,0,0,0,0,0,0,0,0,1,1,0,0,5
189,190,LaMarr Woodley,2009,25,2-46,PIT,NFL,6-2,266.0,34.1,16,16,13.5,50,12,0,0,0,6,0,1,77,1,1,1,1,0,14
190,191,LaMarr Woodley,2010,26,2-46,PIT,NFL,6-2,266.0,34.1,16,16,10.0,35,15,2,22,1,5,0,2,19,0,3,1,0,0,11
191,192,Jason Worilds,2012,24,2-52,PIT,NFL,6-2,240.0,30.8,16,3,5.0,18,4,0,0,0,2,0,0,0,0,0,1,0,0,3
192,193,Jason Worilds,2014,26,2-52,PIT,NFL,6-2,240.0,30.8,16,16,7.5,41,21,1,30,0,2,0,2,0,0,1,1,0,0,7
193,194,Frank Zombo,2015,28,,KAN,NFL,6-3,254.0,31.7,16,2,3.0,8,2,0,0,0,0,0,0,0,0,1,1,0,0,2
194,195,Frank Zombo,2013,26,,KAN,NFL,6-3,254.0,31.7,16,5,2.0,23,4,1,5,0,2,0,1,0,0,1,1,0,0,4
195,196,Akin Ayodele,2010,31,3-89,BUF,NFL,6-2,251.0,32.2,15,10,0.0,60,46,0,0,0,3,0,0,0,0,0,1,0,0,4
196,197,Bertrand Berry,2009,34,3-86,ARI,NFL,6-3,275.0,34.4,15,5,6.0,9,1,0,0,0,0,0,2,7,0,0,1,0,0,4
197,198,Peter Boulware,2003,29,1-4,BAL,NFL,6-4,255.0,31.0,15,14,8.5,42,16,0,0,0,2,0,1,0,0,4,1,1,0,10
198,199,Chad Brown,1999,29,2-44,SEA,NFL,6-2,245.0,31.5,15,15,5.5,87,30,0,0,0,0,0,1,0,0,2,1,1,0,13
199,200,Ian Gold,2006,28,2-40,DEN,NFL,6-0,223.0,30.2,15,15,0.0,69,21,0,0,0,4,0,0,0,0,1,1,0,0,7
200,201,Clark Haggans,2006,29,5-137,PIT,NFL,6-4,243.0,29.6,15,15,6.0,51,25,1,0,0,4,0,1,0,0,2,1,0,0,8
201,202,Tamba Hali,2015,32,1-20,KAN,NFL,6-2,265.0,34.0,15,14,6.5,39,9,0,0,0,1,0,0,0,0,2,1,1,0,9
202,203,Tamba Hali,2013,30,1-20,KAN,NFL,6-2,265.0,34.0,15,15,11.0,39,7,1,10,1,1,0,2,11,1,5,1,1,0,14
203,204,Tamba Hali,2012,29,1-20,KAN,NFL,6-2,265.0,34.0,15,15,9.0,43,8,0,0,0,2,0,0,0,0,1,1,1,0,8
204,205,Marques Harris,2006,25,,SDG,NFL,6-1,231.0,30.5,15,1,3.0,14,10,0,0,0,3,0,2,0,1,1,1,0,0,2
205,206,James Harrison,2015,37,,PIT,NFL,6-0,242.0,32.8,15,1,5.0,27,13,1,6,0,4,0,0,0,0,2,1,0,0,3
206,207,Richard Harvey,1999,33,11-305,OAK,NFL,6-1,235.0,31.0,15,15,2.0,46,19,0,0,0,0,0,0,0,0,0,1,0,0,7
207,208,LeRoy Hill,2006,24,3-98,SEA,NFL,6-1,224.0,29.6,15,15,2.0,70,22,0,0,0,2,0,1,4,0,1,1,0,0,7
208,209,Brad Jones,2011,25,7-218,GNB,NFL,6-3,230.0,28.7,15,1,1.0,12,7,0,0,0,0,0,0,0,0,0,1,0,0,1
209,210,Jarvis Jones,2015,26,1-17,PIT,NFL,6-2,245.0,31.5,15,15,2.0,14,13,1,5,0,2,0,2,0,0,1,1,0,0,8
210,211,George Koonce,1999,31,,GNB,NFL,6-1,245.0,32.3,15,15,0.0,29,21,0,0,0,0,0,0,0,0,0,1,0,0,8
211,212,Clay Matthews,2011,25,1-26,GNB,NFL,6-3,255.0,31.9,15,15,6.0,41,14,3,47,1,9,0,0,0,0,3,1,1,0,10
212,213,Clay Matthews,2010,24,1-26,GNB,NFL,6-3,255.0,31.9,15,15,13.5,54,5,1,62,1,4,0,0,0,0,2,1,1,1,19
213,214,Jamir Miller,1999,26,1-10,CLE,NFL,6-5,252.0,29.9,15,15,4.5,93,23,0,0,0,0,0,0,0,0,0,1,0,0,6
214,215,Koa Misi,2013,26,2-40,MIA,NFL,6-3,244.0,30.5,15,12,2.0,34,20,0,0,0,3,0,0,0,0,0,1,0,0,6
215,216,Keith Mitchell,2001,27,,NOR,NFL,6-2,236.0,30.3,15,14,2.0,61,28,0,0,0,2,0,0,0,0,2,1,0,0,5
216,217,Trent Murphy,2014,24,2-47,WAS,NFL,6-5,250.0,29.6,15,8,2.5,22,11,0,0,0,1,0,1,0,0,2,1,0,0,4
217,218,Brian Orakpo,2013,27,1-13,WAS,NFL,6-3,255.0,31.9,15,15,10.0,43,17,1,29,1,4,0,2,0,0,0,1,1,0,9
218,219,Brian Orakpo,2010,24,1-13,WAS,NFL,6-3,255.0,31.9,15,15,8.5,36,20,0,0,0,2,0,0,0,0,1,1,1,0,10
219,220,Nick Perry,2014,24,1-28,GNB,NFL,6-3,271.0,33.9,15,4,3.0,23,9,0,0,0,1,0,1,0,0,1,1,0,0,3
220,221,Julian Peterson,2005,27,1-16,SFO,NFL,6-3,235.0,29.4,15,14,3.0,57,25,0,0,0,6,0,1,0,0,1,1,0,0,5
221,222,Brady Poppinga,2009,30,4-125,GNB,NFL,6-3,259.0,32.4,15,3,1.0,16,7,0,0,0,0,0,0,0,0,0,1,0,0,2
222,223,Joey Porter,2004,27,3-73,PIT,NFL,6-2,250.0,32.1,15,15,7.0,36,17,1,3,0,12,0,0,0,0,3,1,1,0,13
223,224,Joey Porter,2001,24,3-73,PIT,NFL,6-2,250.0,32.1,15,15,9.0,45,14,0,0,0,4,0,1,0,0,4,1,0,0,9
224,225,Darrin Smith,1999,29,2-54,SEA,NFL,6-1,236.0,31.1,15,15,1.0,65,25,1,0,0,0,0,0,0,0,0,1,0,0,9
225,226,Daryl Smith,2007,25,2-39,JAX,NFL,6-2,235.0,30.2,15,15,1.5,54,17,0,0,0,4,0,2,77,1,0,1,0,0,8
226,227,David Thornton,2008,30,4-106,TEN,NFL,6-2,230.0,29.5,15,15,0.0,60,18,0,0,0,6,0,0,0,0,2,1,0,0,8
227,228,Jeff Ulbrich,2003,26,3-86,SFO,NFL,6-0,249.0,33.8,15,15,2.5,58,21,1,7,0,5,0,1,0,0,1,1,0,0,7
228,229,Erik Walden,2012,27,6-167,GNB,NFL,6-2,238.0,30.6,15,9,3.0,27,19,2,22,0,4,0,0,0,0,0,1,0,0,5
229,230,Bjoern Werner,2014,24,1-24,IND,NFL,6-3,266.0,33.2,15,15,4.0,37,13,0,0,0,2,0,1,1,0,1,1,0,0,7
230,231,Kamerion Wimbley,2009,26,1-13,CLE,NFL,6-3,245.0,30.6,15,15,6.5,48,21,0,0,0,1,0,0,0,0,1,1,0,0,6
231,232,LaMarr Woodley,2008,24,2-46,PIT,NFL,6-2,266.0,34.1,15,15,11.5,41,19,1,6,0,2,0,4,9,1,2,1,0,0,11
232,233,LeVar Woods,2002,24,,ARI,NFL,6-3,244.0,30.5,15,2,0.5,26,10,0,0,0,0,0,0,0,0,0,1,0,0,2
233,234,Jason Worilds,2013,25,2-52,PIT,NFL,6-2,240.0,30.8,15,11,8.0,43,20,0,0,0,1,0,0,0,0,2,1,0,0,6
234,235,Anthony Davis,1999,30,11-301,GNB,NFL,6-0,235.0,31.9,14,1,0.0,14,5,0,0,0,0,0,0,0,0,0,1,0,0,0
235,236,Mark Fields,2004,32,1-13,CAR,NFL,6-2,244.0,31.3,14,10,4.0,50,12,1,14,0,3,0,1,0,0,1,1,1,0,7
236,237,Dee Ford,2015,24,1-23,KAN,NFL,6-2,252.0,32.4,14,5,4.0,21,2,0,0,0,2,0,0,0,0,0,1,0,0,3
237,238,Scott Fujita,2008,29,5-143,NOR,NFL,6-5,247.0,29.3,14,13,0.0,63,18,2,19,0,3,0,0,0,0,1,1,0,0,6
238,239,Barrett Green,2001,24,2-50,DET,NFL,6-0,226.0,30.6,14,10,1.0,54,25,0,0,0,3,0,0,0,0,1,1,0,0,4
239,240,Derrick Johnson,2008,26,1-15,KAN,NFL,6-3,242.0,30.2,14,14,1.5,68,17,1,7,0,6,0,0,0,0,4,1,0,0,5
240,241,Brad Jones,2009,23,7-218,GNB,NFL,6-3,230.0,28.7,14,7,4.0,26,7,0,0,0,1,0,0,0,0,0,1,0,0,4
241,242,Jarvis Jones,2013,24,1-17,PIT,NFL,6-2,245.0,31.5,14,8,1.0,31,10,0,0,0,4,0,0,0,0,0,1,0,0,4
242,243,Clint Kriewaldt,2001,25,6-177,DET,NFL,6-1,242.0,31.9,14,1,0.0,22,10,0,0,0,1,0,0,0,0,0,1,0,0,1
243,244,Manny Lawson,2008,24,1-22,SFO,NFL,6-5,240.0,28.5,14,10,3.0,33,12,0,0,0,3,0,1,0,0,1,1,0,0,5
244,245,Willie McGinest,2008,37,1-4,CLE,NFL,6-5,270.0,32.0,14,14,1.0,43,13,0,0,0,2,0,0,0,0,0,1,0,0,6
245,246,Willie McGinest,2006,35,1-4,CLE,NFL,6-5,270.0,32.0,14,13,4.0,37,9,1,0,0,2,0,1,0,0,0,1,0,0,6
246,247,Willie McGinest,2000,29,1-4,NWE,NFL,6-5,270.0,32.0,14,14,6.0,45,18,0,0,0,0,0,2,0,0,1,1,0,0,8
247,248,Shawne Merriman,2009,25,1-12,SDG,NFL,6-4,272.0,33.1,14,14,4.0,26,10,0,0,0,0,0,1,0,0,0,1,0,0,6
248,249,Koa Misi,2012,25,2-40,MIA,NFL,6-3,244.0,30.5,14,14,3.5,47,13,0,0,0,2,0,0,0,0,2,1,0,0,7
249,250,Andy Mulumba,2013,23,,GNB,NFL,6-3,260.0,32.5,14,3,1.0,16,17,0,0,0,0,0,1,0,0,0,1,0,0,2
250,251,Antwan Peek,2007,28,3-67,CLE,NFL,6-3,237.0,29.6,14,5,4.0,11,8,0,0,0,4,0,1,0,0,1,1,0,0,3
251,252,Nick Perry,2015,25,1-28,GNB,NFL,6-3,271.0,33.9,14,1,3.5,16,15,0,0,0,1,0,0,0,0,1,1,0,0,2
252,253,Julian Peterson,2001,23,1-16,SFO,NFL,6-3,235.0,29.4,14,14,3.0,37,14,0,0,0,3,0,2,26,1,0,1,0,0,7
253,254,Shaun Phillips,2006,25,4-98,SDG,NFL,6-3,260.0,32.5,14,14,11.5,42,23,0,0,0,8,0,2,0,0,4,1,0,0,6
254,255,Joey Porter,2003,26,3-73,PIT,NFL,6-2,250.0,32.1,14,14,5.0,50,15,0,0,0,4,0,1,0,0,1,1,0,0,7
255,256,Joey Porter,2010,33,3-73,ARI,NFL,6-2,250.0,32.1,14,14,5.0,38,12,0,0,0,0,0,0,0,0,2,1,0,0,5
256,257,Joey Porter,2006,29,3-73,PIT,NFL,6-2,250.0,32.1,14,14,7.0,40,15,2,49,1,5,0,0,0,0,0,1,0,0,8
257,258,Matt Stewart,2005,26,4-102,CLE,NFL,6-3,232.0,29.0,14,12,0.0,27,12,1,0,0,3,0,0,0,0,1,1,0,0,6
258,259,Adalius Thomas,2009,32,6-186,NWE,NFL,6-2,270.0,34.7,14,11,3.0,26,8,0,0,0,2,0,0,0,0,0,1,0,0,6
259,260,Mike Vrabel,2009,34,3-91,KAN,NFL,6-4,261.0,31.8,14,14,2.0,43,9,0,0,0,5,0,1,0,0,2,1,0,0,6
260,261,Jude Waddy,1999,24,,GNB,NFL,6-2,220.0,28.2,14,8,1.0,54,19,0,0,0,0,0,0,0,0,1,1,0,0,6
261,262,Atari Bigby,2009,28,,GNB,NFL,5-11,220.0,30.7,13,11,0.0,37,12,4,14,0,8,0,0,0,0,0,1,0,0,4
262,263,Cornell Brown,2004,29,6-194,BAL,NFL,6-0,240.0,32.5,13,0,0.0,11,3,0,0,0,0,0,0,0,0,0,1,0,0,1
263,264,Chris Carter,2013,24,5-162,PIT,NFL,6-1,245.0,32.3,13,1,0.0,4,1,0,0,0,0,0,1,0,0,0,1,0,0,1
264,265,Steve Foley,2003,28,3-75,HOU,NFL,6-4,265.0,32.3,13,3,1.0,26,5,0,0,0,3,0,0,0,0,0,1,0,0,2
265,266,Jerrell Freeman,2015,29,,IND,NFL,6-1,268.0,35.4,13,13,3.0,66,46,1,23,1,2,0,1,0,0,0,1,0,0,7
266,267,Clark Haggans,2004,27,5-137,PIT,NFL,6-4,243.0,29.6,13,13,6.0,30,7,0,0,0,1,0,1,0,0,2,1,0,0,7
267,268,Clark Haggans,2010,33,5-137,ARI,NFL,6-4,243.0,29.6,13,13,5.0,38,9,0,0,0,2,0,0,0,0,1,1,0,0,5
268,269,Clark Haggans,2005,28,5-137,PIT,NFL,6-4,243.0,29.6,13,13,9.0,40,19,0,0,0,2,0,0,0,0,4,1,0,0,7
269,270,James Harrison,2012,34,,PIT,NFL,6-0,242.0,32.8,13,13,6.0,49,21,0,0,0,0,0,0,0,0,2,1,0,0,8
270,271,Clint Ingram,2007,24,3-80,JAX,NFL,6-1,240.0,31.7,13,11,1.0,29,4,1,39,1,1,0,0,0,0,0,1,0,0,6
271,272,Derrick Johnson,2006,24,1-15,KAN,NFL,6-3,242.0,30.2,13,12,4.5,57,18,0,0,0,2,0,2,0,0,1,1,0,0,6
272,273,Willie McGinest,2007,36,1-4,CLE,NFL,6-5,270.0,32.0,13,11,3.0,19,11,0,0,0,5,0,1,0,0,0,1,0,0,5
273,274,Brandon Moore,2002,23,,SFO,NFL,6-1,242.0,31.9,13,2,0.0,15,3,0,0,0,2,0,0,0,0,1,1,0,0,2
274,275,Keith Newman,2005,28,4-119,MIN,NFL,6-2,248.0,31.8,13,10,3.0,28,14,1,1,0,3,0,1,0,0,1,1,0,0,5
275,276,Chike Okeafor,2009,33,3-89,ARI,NFL,6-4,265.0,32.3,13,13,4.5,35,12,0,0,0,1,0,0,0,0,0,1,0,0,6
276,277,Julian Peterson,2000,22,1-16,SFO,NFL,6-3,235.0,29.4,13,7,4.0,29,17,2,33,0,0,0,0,0,0,0,1,0,0,3
277,278,Ryan Phillips,2001,27,3-68,IND,NFL,6-4,252.0,30.7,13,6,1.0,32,12,1,18,0,1,0,0,0,0,0,1,0,0,2
278,279,Junior Seau*,2002,33,1-5,SDG,NFL,6-3,250.0,31.2,13,13,1.5,59,24,1,25,0,7,0,0,0,0,1,1,1,0,8
279,280,Terrell Suggs,2009,27,1-10,BAL,NFL,6-3,260.0,32.5,13,13,4.5,44,15,0,0,0,5,0,1,0,0,1,1,0,0,7
280,281,Ben Taylor,2003,25,4-111,CLE,NFL,6-2,245.0,31.5,13,8,0.0,65,16,1,0,0,1,0,0,0,0,0,1,0,0,5
281,282,Adalius Thomas,2003,26,6-186,BAL,NFL,6-2,270.0,34.7,13,11,4.0,40,3,0,0,0,6,0,0,0,0,1,1,1,0,8
282,283,LaMarr Woodley,2012,28,2-46,PIT,NFL,6-2,266.0,34.1,13,13,4.0,27,11,1,11,0,1,0,1,0,0,1,1,0,0,8
283,284,Frank Zombo,2010,23,,GNB,NFL,6-3,254.0,31.7,13,8,4.0,28,10,0,0,0,0,0,0,0,0,2,1,0,0,5
284,285,Jason Babin,2005,25,1-27,HOU,NFL,6-4,265.0,32.3,12,3,4.0,24,11,0,0,0,2,0,0,0,0,2,1,0,0,2
285,286,Lewis Bush,2001,32,4-99,KAN,NFL,6-2,245.0,31.5,12,11,0.0,26,6,0,0,0,2,0,0,0,0,0,1,0,0,4
286,287,Brandon Chillar,2009,27,4-130,GNB,NFL,6-3,253.0,31.6,12,4,2.0,32,10,0,0,0,1,0,1,0,0,0,1,0,0,3
287,288,LeRoy Hill,2008,26,3-98,SEA,NFL,6-1,224.0,29.6,12,12,1.0,63,21,0,0,0,3,0,0,0,0,0,1,0,0,5
288,289,Rob Jackson,2013,28,7-242,WAS,NFL,6-4,259.0,31.5,12,1,2.0,8,11,1,4,0,1,0,0,0,0,0,1,0,0,1
289,290,Rashad Jeanty,2006,23,,CIN,NFL,6-2,235.0,30.2,12,9,0.0,38,21,0,0,0,2,0,1,0,0,1,1,0,0,4
290,291,Clay Matthews,2012,26,1-26,GNB,NFL,6-3,255.0,31.9,12,12,13.0,32,11,0,0,0,2,0,0,0,0,1,1,1,0,11
291,292,Shawne Merriman,2006,22,1-12,SDG,NFL,6-4,272.0,33.1,12,12,17.0,48,14,1,10,0,8,0,1,0,0,4,1,1,1,12
292,293,Brandon Moore,2004,25,,SFO,NFL,6-1,242.0,31.9,12,1,1.0,23,4,0,0,0,0,0,0,0,0,1,1,0,0,1
293,294,Tommy Polley,2002,24,2-42,STL,NFL,6-3,240.0,30.0,12,11,0.0,43,15,0,0,0,2,0,1,0,0,2,1,0,0,6
294,295,Ryan Shazier,2015,23,1-15,PIT,NFL,6-1,237.0,31.3,12,12,3.5,55,32,1,0,0,4,0,1,0,0,2,1,0,0,7
295,296,Raynoch Thompson,2003,26,2-41,ARI,NFL,6-3,224.0,28.0,12,12,3.0,54,9,0,0,0,2,0,1,0,0,1,1,0,0,4
296,297,Jason Worilds,2011,23,2-52,PIT,NFL,6-2,240.0,30.8,12,7,3.0,25,11,0,0,0,0,0,0,0,0,1,1,0,0,5
297,298,Rocky Boiman,2008,28,4-133,KAN,NFL,6-4,236.0,28.7,11,9,0.0,56,17,0,0,0,3,0,0,0,0,2,1,0,0,4
298,299,Channing Crowder,2007,24,3-70,MIA,NFL,6-2,247.0,31.7,11,10,0.5,61,17,0,0,0,0,0,0,0,0,0,1,0,0,4
299,300,Ben Emanuel,2005,23,5-171,SFO,NFL,6-2,213.0,27.3,11,8,0.5,34,5,1,38,0,5,0,1,0,0,0,1,0,0,3
300,301,James Harrison,2011,33,,PIT,NFL,6-0,242.0,32.8,11,11,9.0,48,11,0,0,0,1,0,0,0,0,2,1,1,0,10
301,302,James Harrison,2014,36,,PIT,NFL,6-0,242.0,32.8,11,4,5.5,29,18,0,0,0,0,0,0,0,0,0,1,0,0,3
302,303,James Harrison,2006,28,,PIT,NFL,6-0,242.0,32.8,11,1,0.0,14,6,0,0,0,0,0,0,0,0,0,1,0,0,1
303,304,Justin Houston,2015,26,3-70,KAN,NFL,6-3,260.0,32.5,11,11,7.5,25,5,2,16,1,6,0,0,0,0,1,1,1,0,9
304,305,Justin Houston,2013,24,3-70,KAN,NFL,6-3,260.0,32.5,11,11,11.0,40,4,0,0,0,5,0,3,7,0,1,1,1,0,9
305,306,Jamari Lattimore,2014,26,,GNB,NFL,6-2,232.0,29.8,11,5,0.0,22,15,1,10,0,1,0,0,0,0,0,1,0,0,3
306,307,Clay Matthews,2013,27,1-26,GNB,NFL,6-3,255.0,31.9,11,11,7.5,26,14,0,0,0,1,0,0,0,0,3,1,0,0,5
307,308,Keith Mitchell,2002,28,,HOU,NFL,6-2,236.0,30.3,11,7,1.0,21,7,0,0,0,0,0,0,0,0,0,1,0,0,4
308,309,Nick Perry,2013,23,1-28,GNB,NFL,6-3,271.0,33.9,11,6,4.0,24,9,0,0,0,1,0,0,0,0,3,1,0,0,3
309,310,Erik Walden,2010,25,6-167,2TM,NFL,6-2,238.0,30.6,11,2,2.0,21,4,0,0,0,1,0,0,0,0,0,1,0,0,2
310,311,LaMarr Woodley,2013,29,2-46,PIT,NFL,6-2,266.0,34.1,11,11,5.0,20,16,0,0,0,1,0,1,0,0,1,1,0,0,5
311,312,Will Davis,2010,24,6-204,ARI,NFL,6-2,262.0,33.6,10,3,1.0,8,4,0,0,0,0,0,0,0,0,0,1,0,0,2
312,313,Antwan Peek,2003,24,3-67,HOU,NFL,6-3,237.0,29.6,10,4,1.0,20,5,0,0,0,2,0,0,0,0,0,1,0,0,2
313,314,Reggie Torbor,2010,29,4-97,BUF,NFL,6-2,254.0,32.6,10,7,0.0,23,18,0,0,0,4,0,0,0,0,0,1,0,0,3
314,315,LaMarr Woodley,2011,27,2-46,PIT,NFL,6-2,266.0,34.1,10,10,9.0,26,13,1,1,0,2,0,1,0,0,0,1,0,0,7
315,316,Lewis Bush,2002,33,4-99,KAN,NFL,6-2,245.0,31.5,9,5,0.0,22,3,0,0,0,0,0,0,0,0,0,1,0,0,2
316,317,Charlie Clemons,2003,31,,HOU,NFL,6-2,250.0,32.1,9,8,1.0,18,8,0,0,0,3,0,2,0,0,0,1,0,0,4
317,318,Dashon Goldson,2008,24,4-126,SFO,NFL,6-2,205.0,26.3,9,2,0.0,18,3,0,0,0,1,0,0,0,0,0,1,0,0,1
318,319,Roderick Green,2004,22,5-153,BAL,NFL,6-2,250.0,32.1,9,0,0.0,5,1,0,0,0,0,0,0,0,0,0,1,0,0,1
319,320,Aaron Kampman,2009,30,5-156,GNB,NFL,6-4,286.0,34.8,9,9,3.5,30,12,0,0,0,0,0,0,0,0,1,1,0,0,5
320,321,Corey Moore,2000,23,3-89,BUF,NFL,5-11,225.0,31.4,9,4,1.0,8,4,0,0,0,0,0,1,0,0,1,1,0,0,2
321,322,Mike Peterson,2001,25,2-36,IND,NFL,6-1,230.0,30.3,9,9,1.5,46,19,2,18,0,4,0,1,0,0,0,1,0,0,3
322,323,Saleem Rasheed,2005,24,3-69,SFO,NFL,6-2,229.0,29.4,9,1,0.0,6,4,0,0,0,0,0,0,0,0,0,1,0,0,1
323,324,O'Brien Schofield,2012,25,4-130,ARI,NFL,6-2,238.0,30.6,9,9,4.0,26,8,0,0,0,0,0,0,0,0,0,1,0,0,5
324,325,Stevenson Sylvester,2013,25,5-166,PIT,NFL,6-2,225.0,28.9,9,1,0.0,7,5,0,0,0,0,0,0,0,0,0,1,0,0,1
325,326,K.D. Williams,1999,26,,OAK,NFL,6-0,240.0,32.5,9,8,1.0,27,2,1,14,0,0,0,1,0,0,0,1,0,0,5
326,327,Shawn Barber,2004,29,4-113,KAN,NFL,6-2,245.0,31.5,8,8,1.0,28,5,1,10,0,3,0,0,0,0,1,1,0,0,3
327,328,Chris Carter,2012,23,5-162,PIT,NFL,6-1,245.0,32.3,8,3,0.0,3,5,0,0,0,1,0,0,0,0,0,1,0,0,2
328,329,Rob Francois,2010,25,,GNB,NFL,6-2,253.0,32.5,8,1,0.0,3,0,0,0,0,0,0,0,0,0,0,1,0,0,1
329,330,Nate Palmer,2013,24,6-193,GNB,NFL,,,,8,2,0.0,8,9,0,0,0,0,0,0,0,0,0,1,0,0,1
330,331,Jamie Winborn,2005,26,2-47,2TM,NFL,5-11,242.0,33.7,8,2,0.0,12,5,0,0,0,1,0,0,0,0,0,1,0,0,1
331,332,Ricky Brown,2008,25,,OAK,NFL,6-2,235.0,30.2,7,6,0.0,28,9,0,0,0,1,0,0,0,0,1,1,0,0,3
332,333,Donnie Edwards,2008,35,4-98,KAN,NFL,6-2,227.0,29.1,7,4,0.0,26,9,0,0,0,0,0,0,0,0,0,1,0,0,2
333,334,Arnold Harrison,2006,24,,PIT,NFL,6-3,236.0,29.5,7,2,0.0,9,1,0,0,0,0,0,0,0,0,0,1,0,0,1
334,335,Jarvis Jones,2014,25,1-17,PIT,NFL,6-2,245.0,31.5,7,3,2.0,9,9,0,0,0,0,0,0,0,0,1,1,0,0,2
335,336,Brian Orakpo,2014,28,1-13,WAS,NFL,6-3,255.0,31.9,7,7,0.5,14,10,0,0,0,1,0,0,0,0,0,1,0,0,3
336,337,Brian Williams,1999,27,3-73,GNB,NFL,6-1,240.0,31.7,7,7,2.0,44,24,2,60,0,0,0,1,0,0,0,1,0,0,5
337,338,Brad Jones,2010,24,7-218,GNB,NFL,6-3,230.0,28.7,6,5,0.0,16,11,0,0,0,0,0,0,0,0,0,1,0,0,3
338,339,Nick Perry,2012,22,1-28,GNB,NFL,6-3,271.0,33.9,6,5,2.0,13,5,0,0,0,1,0,0,0,0,0,1,0,0,2
339,340,Brady Poppinga,2010,31,4-125,GNB,NFL,6-3,259.0,32.4,6,1,1.0,7,7,0,0,0,0,0,0,0,0,0,1,0,0,1
340,341,Joey Porter,2011,34,3-73,ARI,NFL,6-2,250.0,32.1,6,6,1.0,11,5,0,0,0,0,0,0,0,0,0,1,0,0,3
341,342,Brian Williams,2001,29,3-73,2TM,NFL,6-1,240.0,31.7,6,1,0.0,30,4,0,0,0,0,0,1,0,0,0,1,0,0,2
342,343,Ricky Brown,2009,26,,OAK,NFL,6-2,235.0,30.2,5,5,0.0,24,7,0,0,0,2,0,0,0,0,1,1,0,0,2
343,344,Josh Martin,2013,22,,KAN,NFL,6-3,245.0,30.6,5,1,0.0,12,1,0,0,0,0,0,0,0,0,1,1,0,0,1
344,345,Julian Peterson,2004,26,1-16,SFO,NFL,6-3,235.0,29.4,5,5,2.5,23,4,0,0,0,2,1,0,0,0,2,1,0,0,2
345,346,Frank Zombo,2011,24,,GNB,NFL,6-3,254.0,31.7,5,1,1.0,8,2,0,0,0,0,0,0,0,0,0,1,0,0,1
346,347,Eric Barton,2005,28,5-146,NYJ,NFL,6-2,245.0,31.5,4,3,0.0,13,8,0,0,0,1,0,0,0,0,0,1,0,0,1
347,348,Jackson Jeffcoat,2014,23,,WAS,NFL,6-3,247.0,30.9,3,1,1.0,2,3,1,9,0,1,0,0,0,0,0,1,0,0,1
348,349,Manny Lawson,2007,23,1-22,SFO,NFL,6-5,240.0,28.5,2,2,0.0,8,3,0,0,0,1,0,0,0,0,0,1,0,0,1
349,350,Brian Orakpo,2012,26,1-13,WAS,NFL,6-3,255.0,31.9,2,2,1.0,5,0,0,0,0,3,0,0,0,0,1,1,0,0,1
